lexicon,mps,neighbors,avg_lev,num_words,avg_cluster,transitivity,big_com
real,18508,22523,4.96009179143,6197,0.298714684728,0.3473757662,0.0263030498628
0,16328,20271,4.97615883401,6197,0.281493931127,0.337383395759,0.031628207197
1,16323,20226,4.97509462554,6197,0.271509588907,0.331569658974,0.0385670485719
2,16182,20097,4.97485048941,6197,0.28121924218,0.331772007478,0.0324350492174
3,16069,20134,4.97321529306,6197,0.277026811852,0.333583826239,0.0356624172987
4,16296,20356,4.97572645212,6197,0.279922616977,0.329740701274,0.0358237857028
5,16135,20092,4.97451566821,6197,0.276927781595,0.326390339698,0.0313054703889
6,15944,19839,4.97462000033,6197,0.275044952664,0.326972437321,0.0324350492174
7,16412,20407,4.97555956239,6197,0.278594243176,0.334716395685,0.0304986283686
8,16076,20046,4.97477558697,6197,0.275982751401,0.332293645423,0.0369533645312
9,15854,19819,4.97297188617,6197,0.27862989754,0.325878287579,0.0319509440052
10,16111,20060,4.97435909189,6197,0.280653007124,0.332710899405,0.0285622075198
11,16409,20334,4.97482449754,6197,0.276099787477,0.330315073822,0.0319509440052
12,16246,20233,4.97254591108,6197,0.279781886478,0.326182708816,0.0327577860255
13,16298,20182,4.97294980088,6197,0.280633196807,0.332640268123,0.0324350492174
14,16063,20117,4.97722252161,6197,0.279396832444,0.331169503101,0.0351783120865
15,16116,20230,4.97696843669,6197,0.282847968356,0.328349620417,0.0321123124092
16,16133,20071,4.97634260023,6197,0.280734194865,0.330622502767,0.0345328384702
17,16190,20187,4.97309663676,6197,0.273755026421,0.328316601392,0.0345328384702
18,16456,20440,4.97348088941,6197,0.27556547799,0.331056454098,0.0322736808133
19,16177,20207,4.96863389926,6197,0.273143354835,0.327632815373,0.0327577860255
20,16197,20198,4.97665715923,6197,0.282028869872,0.327344092503,0.0335646280458
21,16375,20330,4.97727299482,6197,0.275669113027,0.325801534973,0.0325964176214
22,16145,20223,4.97626092635,6197,0.283083574108,0.329616600708,0.0330805228336
23,16543,20539,4.9744539961,6197,0.287237075828,0.330829909777,0.0335646280458
24,16301,20310,4.97593131394,6197,0.280888064131,0.337676956151,0.0348555752784
25,16274,20339,4.97553679997,6197,0.277185803372,0.330296641565,0.0309827335808
26,16249,20077,4.97504769431,6197,0.281651304461,0.32627319091,0.0350169436824
27,16282,20418,4.97391535482,6197,0.275668220903,0.328394411298,0.0335646280458
28,16081,19992,4.97775069321,6197,0.278607489887,0.333490807171,0.0332418912377
29,16620,20590,4.97373528685,6197,0.277743399137,0.333253311585,0.0355010488946
30,16353,20306,4.97849185235,6197,0.283843296933,0.334233879989,0.031628207197
31,16132,20112,4.97634322528,6197,0.273829664548,0.330571050063,0.0284008391157
32,16100,20068,4.97417126282,6197,0.271184498061,0.326068719991,0.0330805228336
33,16292,20267,4.97370257563,6197,0.272056762694,0.328332914462,0.0327577860255
34,16418,20453,4.97425278043,6197,0.282055260401,0.339526273162,0.0317895756011
35,15927,19942,4.97591266646,6197,0.274191072494,0.335497987786,0.0334032596418
36,16381,20334,4.97217874327,6197,0.282822275718,0.332343743682,0.0329191544296
37,16206,20171,4.97467021309,6197,0.285049433949,0.333177015806,0.0321123124092
38,16148,20021,4.97595173241,6197,0.283906269634,0.332666662005,0.0329191544296
39,16329,20323,4.97484543688,6197,0.26596912193,0.326785290159,0.0334032596418
40,16268,20337,4.97475641861,6197,0.281060127298,0.331538448472,0.0304986283686
41,16518,20561,4.97132502211,6197,0.273963385502,0.330266152172,0.0330805228336
42,15893,19758,4.97267691222,6197,0.273402659628,0.327969018933,0.0298531547523
43,16371,20410,4.96966758421,6197,0.281531738797,0.32956138493,0.0321123124092
44,16662,20661,4.97149284942,6197,0.280002264637,0.330546097433,0.0313054703889
45,16139,20150,4.97220416218,6197,0.281359445392,0.333634136014,0.0337259964499
46,16358,20262,4.97523984668,6197,0.274878124463,0.331099382492,0.0346942068743
47,16411,20436,4.97415584479,6197,0.280338475261,0.323366191796,0.0309827335808
48,16595,20653,4.97080851821,6197,0.285208399906,0.332765826735,0.034048733258
49,16237,20259,4.97345036588,6197,0.2768698136,0.326828656295,0.0317895756011
50,16424,20427,4.97252741987,6197,0.285591276022,0.33288228674,0.0321123124092
51,16053,20064,4.97676565839,6197,0.273459218623,0.333613014174,0.0337259964499
52,16328,20291,4.97408536982,6197,0.279262064605,0.334124832653,0.0321123124092
53,16354,20228,4.97551648567,6197,0.278255550242,0.328797340541,0.0298531547523
54,16430,20474,4.97562086988,6197,0.278539939956,0.32614703703,0.031466838793
55,16557,20418,4.97683931072,6197,0.283648458265,0.338464994937,0.0330805228336
56,16347,20360,4.97422256943,6197,0.277931203404,0.331632083608,0.0330805228336
57,16092,20058,4.97420376569,6197,0.269415078175,0.328543235093,0.0325964176214
58,16392,20387,4.9743258077,6197,0.282153171861,0.333860743548,0.0329191544296
59,16249,20241,4.97296922968,6197,0.283449989514,0.335898080573,0.0335646280458
60,16418,20460,4.97811963201,6197,0.285860287213,0.333177852982,0.0311441019848
61,16420,20316,4.97535761749,6197,0.276440550944,0.329450695352,0.0322736808133
62,16189,20116,4.97301345233,6197,0.281907353678,0.328237665459,0.0309827335808
63,16253,20266,4.97602606188,6197,0.277480502585,0.326797696664,0.0337259964499
64,16548,20554,4.97416886677,6197,0.28335511651,0.338000477245,0.0329191544296
65,15987,19824,4.97492424592,6197,0.272169424583,0.327857900318,0.0350169436824
66,16402,20501,4.97242235851,6197,0.288255830607,0.333826192907,0.0304986283686
67,15888,19702,4.9784381497,6197,0.279802701987,0.328488361627,0.0350169436824
68,16604,20647,4.96987385241,6197,0.278841861881,0.329560899111,0.0317895756011
69,16270,20262,4.9748600215,6197,0.269622171646,0.32989088538,0.0346942068743
70,16288,20310,4.97467531771,6197,0.280874713654,0.330010128292,0.0332418912377
71,16214,20162,4.97555237426,6197,0.276218171004,0.328958196182,0.0322736808133
72,16210,20169,4.97735446034,6197,0.281927424109,0.324696072186,0.0335646280458
73,16172,20060,4.97734393857,6197,0.277268409668,0.328288634135,0.031466838793
74,16436,20533,4.97239626246,6197,0.284824753065,0.336413576484,0.0321123124092
75,16059,20103,4.97420381777,6197,0.271075831672,0.325011288705,0.0325964176214
76,16503,20472,4.97190137505,6197,0.287149811915,0.336082867821,0.0306599967726
77,16672,20714,4.97114391238,6197,0.276325764055,0.329366260042,0.0332418912377
78,16306,20207,4.97909128024,6197,0.285798329885,0.339435208613,0.033887364854
79,16351,20244,4.97374461059,6197,0.273509385089,0.332059980034,0.0306599967726
80,15711,19589,4.97390493724,6197,0.278106537447,0.324164188767,0.0321123124092
81,16070,20081,4.97317805019,6197,0.278167236261,0.329383540211,0.0319509440052
82,16297,20363,4.97295287407,6197,0.279780005351,0.330902323202,0.0366306277231
83,16242,20193,4.97650573962,6197,0.278439997558,0.325820089304,0.0311441019848
84,16672,20682,4.9686307219,6197,0.27699946439,0.331534941804,0.031466838793
85,16385,20457,4.97313117105,6197,0.281902186891,0.331091430594,0.0342101016621
86,16609,20624,4.97005407665,6197,0.277372520341,0.335197446861,0.0324350492174
87,16279,20142,4.97629337713,6197,0.274113901571,0.326980736989,0.033887364854
88,16403,20463,4.97384201502,6197,0.282161043479,0.329198339785,0.0335646280458
89,16176,20078,4.96993161793,6197,0.276208120204,0.325478712372,0.0335646280458
90,16258,20195,4.97591605218,6197,0.278960888679,0.329112335735,0.031628207197
91,16303,20290,4.97343838566,6197,0.283685454462,0.331124160503,0.0343714700662
92,16065,20078,4.9744362862,6197,0.270435644916,0.333224031397,0.0334032596418
93,16308,20366,4.9717604772,6197,0.282276629871,0.331717428482,0.0298531547523
94,16127,20048,4.97845924531,6197,0.281924986927,0.340666298211,0.0327577860255
95,16075,20007,4.97642974333,6197,0.277396934707,0.327943166677,0.0322736808133
96,16383,20415,4.97576765367,6197,0.280164962975,0.331173731262,0.0348555752784
97,16239,20275,4.97786242182,6197,0.272772842211,0.326020067341,0.0306599967726
98,16491,20468,4.97316310095,6197,0.279489594,0.33466401638,0.0324350492174
99,16156,20177,4.9748690848,6197,0.275037835874,0.333675303125,0.0346942068743
100,15980,19884,4.97334764849,6197,0.284951428967,0.329327562187,0.0319509440052
101,16294,20268,4.97576291367,6197,0.279395472876,0.334412781382,0.0350169436824
102,16494,20475,4.96988031131,6197,0.284364096753,0.333566818432,0.0321123124092
103,16231,20242,4.9761489894,6197,0.281382844882,0.335720284515,0.0321123124092
104,15947,19910,4.97482012215,6197,0.271772586494,0.327640913103,0.0325964176214
105,16504,20574,4.97242147302,6197,0.277831103026,0.33157560045,0.0308213651767
106,15965,20019,4.97266571332,6197,0.268504990989,0.327040618128,0.0303372599645
107,16300,20276,4.9747171964,6197,0.273201554758,0.332095923974,0.0329191544296
108,15733,19757,4.97585620315,6197,0.277079327411,0.330223522128,0.0345328384702
109,16298,20355,4.97223176878,6197,0.28572912963,0.332087866968,0.031466838793
110,16415,20361,4.97660819658,6197,0.276932482412,0.333648377467,0.0306599967726
111,15685,19609,4.97330722825,6197,0.277765938957,0.328772553107,0.0293690495401
112,16322,20281,4.97372966136,6197,0.276507454631,0.333704395409,0.0343714700662
113,16274,20224,4.97736815946,6197,0.278366292113,0.335150421467,0.0351783120865
114,16199,20152,4.97309049038,6197,0.284212212772,0.33061005734,0.0322736808133
115,16318,20376,4.9755073182,6197,0.281188756943,0.330080726808,0.0293690495401
116,16153,20078,4.97449696864,6197,0.282120915135,0.329554644629,0.0348555752784
117,16397,20401,4.97175167434,6197,0.283559899681,0.330100091481,0.0321123124092
118,16499,20613,4.97313382754,6197,0.274838282291,0.328660128134,0.0317895756011
119,16418,20357,4.9704094205,6197,0.273143827587,0.336608204962,0.0346942068743
120,16357,20305,4.97624707097,6197,0.275464995896,0.337177647548,0.033887364854
121,16093,20180,4.9741899103,6197,0.278676693265,0.330968594651,0.0327577860255
122,16096,20081,4.97582495039,6197,0.27346427692,0.327983305139,0.0335646280458
123,16209,20208,4.97454791063,6197,0.286700763844,0.33106636425,0.0295304179442
124,16114,20092,4.97542168564,6197,0.275135321149,0.329484963467,0.0332418912377
125,16370,20339,4.97281994568,6197,0.272411363364,0.326861048234,0.0337259964499
126,16634,20589,4.97660350866,6197,0.279845922011,0.33838297928,0.0306599967726
127,16249,20301,4.9735046415,6197,0.280874169415,0.3312726696,0.031466838793
128,16233,20240,4.97440404377,6197,0.277576717455,0.331215608317,0.0324350492174
129,16078,20074,4.97439539718,6197,0.278086489313,0.328462375051,0.0293690495401
130,16184,20164,4.9723054732,6197,0.278291866018,0.327464382484,0.0319509440052
131,16259,20212,4.97848268488,6197,0.283577915186,0.33148469367,0.0330805228336
132,16113,20082,4.98126751392,6197,0.275399101079,0.332946421234,0.0353396804906
133,16106,20084,4.97632770308,6197,0.28528191454,0.329000541599,0.0343714700662
134,16159,20148,4.9716819286,6197,0.281233479017,0.328632725702,0.0355010488946
135,16072,19950,4.97577400839,6197,0.272491643285,0.332249206243,0.0342101016621
136,16304,20329,4.97377404027,6197,0.282338243076,0.331507850827,0.0304986283686
137,16027,20125,4.97880911993,6197,0.281144686214,0.332637287181,0.0311441019848
138,16259,20174,4.97449170776,6197,0.276458110195,0.326325617664,0.0313054703889
139,16238,20071,4.97672726958,6197,0.270369126182,0.330292426893,0.0359851541068
140,16783,20800,4.97148618217,6197,0.282115277899,0.332772100944,0.031628207197
141,16261,20260,4.97637807211,6197,0.273276408298,0.326418182003,0.0298531547523
142,16197,20191,4.97247189413,6197,0.278906622121,0.327962952219,0.031628207197
143,16368,20319,4.97532719814,6197,0.27202000508,0.331618397722,0.034048733258
144,16393,20459,4.97299454441,6197,0.281677367057,0.335986865519,0.0327577860255
145,16120,19973,4.97318013371,6197,0.274688898592,0.329640618934,0.031466838793
146,16436,20500,4.97033837256,6197,0.276945277456,0.3323778738,0.0280781023076
147,16238,20260,4.97560185779,6197,0.275300553436,0.330152992458,0.0325964176214
148,16373,20385,4.97376758137,6197,0.281290207705,0.332860762548,0.0308213651767
149,16442,20630,4.97247798842,6197,0.284749501673,0.337805294204,0.0334032596418
150,16059,20092,4.97288797251,6197,0.270748252899,0.327890546849,0.0345328384702
151,16150,20216,4.97236652025,6197,0.279277134199,0.330608876951,0.0300145231564
152,16019,19970,4.97513822313,6197,0.273298004233,0.330513132794,0.0298531547523
153,16414,20387,4.97279171402,6197,0.277250401399,0.336648939553,0.036307890915
154,16527,20546,4.97256856933,6197,0.277125389375,0.333948598665,0.0322736808133
155,16293,20215,4.97568228155,6197,0.284088192123,0.335015222522,0.0321123124092
156,16310,20225,4.97403739684,6197,0.270246051087,0.331117559725,0.0325964176214
157,16214,20204,4.97420480744,6197,0.280196983123,0.329400219788,0.0343714700662
158,16298,20356,4.97277759819,6197,0.27742040081,0.332698879319,0.0335646280458
159,16431,20386,4.97073580346,6197,0.271108823554,0.335250972253,0.0361465225109
160,16163,20099,4.97641557542,6197,0.270447902187,0.331449707182,0.0322736808133
161,16114,20085,4.9764329207,6197,0.276309650868,0.328195305112,0.031628207197
162,16547,20579,4.97154311427,6197,0.276426006021,0.325842033858,0.031628207197
163,16183,20143,4.97656293217,6197,0.277830734709,0.331633937135,0.0356624172987
164,16075,20081,4.97544236455,6197,0.273023676655,0.332857398437,0.0332418912377
165,15965,19981,4.97602887463,6197,0.273726517552,0.331678591737,0.0317895756011
166,16279,20327,4.97201294739,6197,0.283526185374,0.33154351578,0.0322736808133
167,16200,20281,4.97382836798,6197,0.275210310289,0.328768255149,0.0321123124092
168,16087,20065,4.97637848881,6197,0.277734406992,0.329598486873,0.0334032596418
169,16352,20268,4.9745920812,6197,0.27880843213,0.330452212633,0.0337259964499
170,16095,19981,4.97636140397,6197,0.282419578066,0.327898110697,0.033887364854
171,16416,20494,4.97455468206,6197,0.271225949078,0.330264938571,0.0319509440052
172,16279,20241,4.97392348054,6197,0.268775800374,0.3310761347,0.0337259964499
173,16266,20410,4.97323263834,6197,0.276770945141,0.331527155168,0.0343714700662
174,16324,20227,4.97479558874,6197,0.278544278536,0.332573011145,0.0334032596418
175,16115,20035,4.97624358107,6197,0.28048608824,0.333259899763,0.0358237857028
176,16172,20186,4.97279588105,6197,0.277305516256,0.329751718045,0.0298531547523
177,16521,20520,4.97403093794,6197,0.278203269658,0.329605875153,0.0327577860255
178,16175,20162,4.97407792125,6197,0.276859215339,0.324650422262,0.034048733258
179,16430,20393,4.97543324916,6197,0.273011408545,0.335433914354,0.0351783120865
180,16324,20230,4.97554784261,6197,0.275327397347,0.335550791456,0.0343714700662
181,16595,20619,4.97203847048,6197,0.279844493719,0.332242433716,0.0321123124092
182,16230,20183,4.97505863278,6197,0.28053517622,0.332992053212,0.0346942068743
183,16490,20485,4.97455947415,6197,0.28871556233,0.325972846448,0.0275939970954
184,16351,20421,4.97541866454,6197,0.272504378852,0.331871403056,0.0322736808133
185,16272,20270,4.97382706578,6197,0.283975624002,0.333333333333,0.0319509440052
186,16395,20361,4.97219952635,6197,0.276016439443,0.329181494662,0.0345328384702
187,16508,20486,4.97224296769,6197,0.28482704842,0.325492383638,0.0346942068743
188,16401,20564,4.97340640367,6197,0.276082867531,0.328721084534,0.0353396804906
189,16327,20348,4.97311533632,6197,0.274869341198,0.334459391795,0.0353396804906
190,15785,19662,4.97441102356,6197,0.283139504976,0.329948827151,0.0296917863482
191,16055,19972,4.97676998168,6197,0.277342504247,0.331809046791,0.0317895756011
192,16118,20079,4.97322420009,6197,0.276259647357,0.331589987124,0.033887364854
193,16255,20207,4.97731487351,6197,0.281851627092,0.334604196281,0.0272712602872
194,16580,20497,4.9798910383,6197,0.287738776353,0.334388923298,0.033887364854
195,16062,19995,4.9767996718,6197,0.275889902084,0.328393044696,0.0350169436824
196,16183,20110,4.97554028986,6197,0.276900241323,0.329055466603,0.0298531547523
197,16101,20080,4.97872140386,6197,0.277792844289,0.327103783874,0.0301758915604
198,16201,20167,4.97373648488,6197,0.281666998813,0.334345234686,0.0345328384702
199,16413,20244,4.97838835364,6197,0.279530533392,0.331190301249,0.0343714700662
200,16289,20260,4.97406094059,6197,0.27848861699,0.330489324835,0.0343714700662
201,16219,20161,4.97743879069,6197,0.279440977016,0.336007508082,0.0321123124092
202,16389,20411,4.97221989273,6197,0.281685528233,0.332609467756,0.0343714700662
203,15898,19803,4.97393717967,6197,0.284621356149,0.330172684011,0.0317895756011
204,16282,20235,4.97853670006,6197,0.282367725195,0.334500827642,0.0284008391157
205,16422,20374,4.97443534862,6197,0.285081552671,0.333212981907,0.0306599967726
206,16168,20152,4.9755517492,6197,0.274198828317,0.332226264803,0.0313054703889
207,16184,20210,4.97520041612,6197,0.278632570716,0.332822612782,0.0317895756011
208,16382,20269,4.97586240161,6197,0.281494722503,0.330907163318,0.0317895756011
209,16695,20751,4.97170927477,6197,0.279909688794,0.332652510204,0.0308213651767
210,16098,20070,4.97527490186,6197,0.273333669277,0.327556109293,0.0327577860255
211,16231,20201,4.97076075358,6197,0.278277125785,0.328171971179,0.0348555752784
212,16545,20561,4.97340661202,6197,0.279537828752,0.333039708391,0.0343714700662
213,16549,20527,4.97288135734,6197,0.278609757418,0.335884031367,0.0350169436824
214,16438,20462,4.97442138905,6197,0.28398849006,0.338355885271,0.0325964176214
215,16318,20259,4.97472224893,6197,0.276513412417,0.32939369953,0.0324350492174
216,16246,20142,4.97527026603,6197,0.280167512343,0.333627217094,0.0329191544296
217,16238,20169,4.97111479523,6197,0.280303777699,0.32872472985,0.0282394707116
218,16626,20707,4.97137851642,6197,0.282354228256,0.332876527244,0.0322736808133
219,16018,19943,4.97728533965,6197,0.27116354893,0.332626061786,0.0322736808133
220,16395,20445,4.97420439074,6197,0.281359495481,0.325202902765,0.0308213651767
221,16306,20260,4.97073424082,6197,0.277417019988,0.333092026034,0.0358237857028
222,16337,20295,4.97349151535,6197,0.273878037757,0.335299736882,0.0342101016621
223,16512,20518,4.97010428941,6197,0.280256202833,0.326906094612,0.0295304179442
224,16288,20345,4.97313236907,6197,0.278632959977,0.333088370384,0.0342101016621
225,16192,20162,4.97372377542,6197,0.279819441589,0.326248258544,0.0317895756011
226,16151,20110,4.97554971777,6197,0.276530302177,0.328662500349,0.029207681136
227,16424,20365,4.97588125744,6197,0.274297524584,0.330269132794,0.0330805228336
228,16404,20381,4.97381117897,6197,0.278635838309,0.336920361982,0.0325964176214
229,16267,20212,4.97322446053,6197,0.277344595774,0.33402089408,0.0332418912377
230,16607,20617,4.97503831848,6197,0.277834266177,0.328862132674,0.034048733258
231,16492,20440,4.97417714875,6197,0.283143797561,0.332443622596,0.0319509440052
232,16133,20074,4.97625972833,6197,0.28552891857,0.329947978576,0.0288849443279
233,16358,20313,4.97502258793,6197,0.274283169298,0.332173054957,0.0325964176214
234,16406,20381,4.97712975301,6197,0.282739638148,0.340769918352,0.0348555752784
235,15948,19948,4.97755927007,6197,0.274870253252,0.329178010898,0.0279167339035
236,16153,20128,4.97222786219,6197,0.279588455119,0.329761908948,0.0327577860255
237,16123,20120,4.97343635423,6197,0.276724945431,0.332150483284,0.0313054703889
238,16735,20694,4.97254018141,6197,0.276463602609,0.331269199362,0.0358237857028
239,16278,20196,4.97309028203,6197,0.276830953243,0.330950632451,0.0329191544296
240,16311,20285,4.97618201314,6197,0.284604392947,0.330995222121,0.0351783120865
241,16208,20375,4.97379471918,6197,0.278877416153,0.330723355917,0.0313054703889
242,16158,20151,4.97203216784,6197,0.278645097,0.334184062695,0.0311441019848
243,16306,20164,4.97589896734,6197,0.279849965576,0.326302419451,0.0301758915604
244,16312,20238,4.97106588467,6197,0.273095098015,0.332286060372,0.0300145231564
245,16322,20248,4.97671049727,6197,0.276744164311,0.332207304942,0.0345328384702
246,16179,20183,4.97650115588,6197,0.268642128567,0.335617703182,0.0304986283686
247,16021,20056,4.97542970718,6197,0.278974096734,0.337275075019,0.0306599967726
248,16315,20287,4.97013080217,6197,0.280752988586,0.331234424834,0.0348555752784
249,16536,20490,4.97720324908,6197,0.280585914966,0.333699332654,0.0367919961272
250,16297,20289,4.97557034459,6197,0.280012536489,0.335116996494,0.0308213651767
251,16198,20121,4.97213722919,6197,0.283041546858,0.326002144364,0.0301758915604
252,16258,20274,4.97332035441,6197,0.28060699677,0.332547847381,0.0300145231564
253,16234,20288,4.97133168937,6197,0.278289956751,0.328929501251,0.0304986283686
254,16606,20748,4.97309892862,6197,0.277612957444,0.334124364178,0.0321123124092
255,16400,20259,4.9753040711,6197,0.279484075895,0.329694798916,0.0306599967726
256,16212,20218,4.97309913698,6197,0.276514745008,0.327939428921,0.0355010488946
257,16182,20133,4.97399166364,6197,0.281056393635,0.331141332768,0.0309827335808
258,16216,20161,4.97522739767,6197,0.281381868346,0.335379784453,0.0301758915604
259,16298,20304,4.97146519073,6197,0.277537130481,0.334307170183,0.0324350492174
260,16144,20174,4.97293386198,6197,0.276937841584,0.327361546733,0.0337259964499
261,16432,20479,4.97292625714,6197,0.281543219683,0.331390373793,0.034048733258
262,16072,19937,4.97367153123,6197,0.269123957451,0.331996893302,0.031466838793
263,16260,20270,4.9722291123,6197,0.279159844851,0.334323648732,0.0322736808133
264,16463,20452,4.97219140064,6197,0.280350685356,0.329204800423,0.0301758915604
265,16127,20046,4.97062902321,6197,0.272267119783,0.329785890553,0.0335646280458
266,16054,20028,4.97399359089,6197,0.27598186528,0.331546731788,0.0345328384702
267,16136,20139,4.97434622617,6197,0.278876311188,0.328678424235,0.0324350492174
268,16514,20513,4.97147149337,6197,0.276653612905,0.329404179008,0.0321123124092
269,16137,20089,4.9752211992,6197,0.275517491391,0.329445476254,0.0321123124092
270,16249,20301,4.97221739251,6197,0.277302969984,0.327117828362,0.0306599967726
271,16279,20268,4.97452525238,6197,0.280942975698,0.334552305712,0.0343714700662
272,16241,20301,4.97421355822,6197,0.273452690542,0.332322154122,0.0329191544296
273,16351,20527,4.97485439601,6197,0.279572058424,0.331488232148,0.0334032596418
274,16377,20393,4.97109953347,6197,0.276633482429,0.327334561428,0.0300145231564
275,16281,20178,4.97560289955,6197,0.274315700325,0.329531620206,0.0301758915604
276,16167,20249,4.97432794331,6197,0.274172796176,0.330502392344,0.0382443117638
277,16266,20120,4.97475204323,6197,0.282128520926,0.332630591028,0.036469259319
278,16479,20561,4.9741644393,6197,0.280238033265,0.330333567381,0.0304986283686
279,16604,20612,4.97285776151,6197,0.286801162464,0.332048463546,0.0353396804906
280,16245,20117,4.97673211376,6197,0.281277681171,0.334802337124,0.0308213651767
281,16089,20027,4.97490908833,6197,0.273302828159,0.333262354594,0.0303372599645
282,16421,20414,4.97107604181,6197,0.279681000044,0.335458469298,0.033887364854
283,16168,20161,4.97666002407,6197,0.280702809097,0.332020338237,0.0348555752784
284,16102,20129,4.97767886396,6197,0.277691082478,0.335140907578,0.0298531547523
285,16078,19998,4.97493237164,6197,0.276141197408,0.325842067505,0.0321123124092
286,16252,20251,4.97420032788,6197,0.2818470894,0.330948833258,0.031466838793
287,16475,20437,4.97267920409,6197,0.279333293236,0.329843776247,0.0355010488946
288,16144,20109,4.97605991904,6197,0.271961150043,0.333842770978,0.034048733258
289,16444,20509,4.97549200435,6197,0.276817762374,0.332501189553,0.0306599967726
290,16234,20305,4.96856139286,6197,0.271048937013,0.329139395841,0.0300145231564
291,16187,20282,4.97377878027,6197,0.282090163903,0.33226148577,0.0325964176214
292,16210,20263,4.97782403302,6197,0.282483640707,0.332844273901,0.0379215749556
293,16302,20311,4.976500635,6197,0.278812236723,0.333241679905,0.0343714700662
294,16715,20705,4.97343703137,6197,0.285245532372,0.334081500005,0.0353396804906
295,16053,20039,4.97232646464,6197,0.282569654261,0.331377529889,0.0324350492174
296,16271,20304,4.97188642581,6197,0.282702980303,0.332096331646,0.0345328384702
297,16210,20342,4.97424132108,6197,0.27606883988,0.333466288982,0.034048733258
298,16109,20128,4.97656053612,6197,0.283082421781,0.332306474076,0.034048733258
299,16258,20230,4.97087227383,6197,0.273045881966,0.325801906682,0.0359851541068
300,16178,20064,4.97457181899,6197,0.277559064951,0.331622992303,0.0303372599645
301,16341,20320,4.97887240676,6197,0.275144206658,0.331039139984,0.0337259964499
302,16198,20153,4.97792555239,6197,0.277408268528,0.336740046421,0.0319509440052
303,16022,20051,4.97339515268,6197,0.269228501828,0.327081062445,0.0337259964499
304,16196,20186,4.97413297819,6197,0.277008949551,0.332028655948,0.0334032596418
305,16450,20466,4.96813994943,6197,0.282479908736,0.328427062856,0.0311441019848
306,16413,20412,4.97251793986,6197,0.274719846251,0.3321829422,0.0313054703889
307,16217,20262,4.97316325722,6197,0.277495320948,0.335572954887,0.0325964176214
308,16111,20046,4.97416376216,6197,0.279869506036,0.331725490467,0.0325964176214
309,16326,20395,4.97449441633,6197,0.281333881367,0.334927172275,0.0330805228336
310,16627,20541,4.97275832566,6197,0.278052576682,0.337567268123,0.0342101016621
311,16602,20618,4.97296334375,6197,0.282578299991,0.333239945418,0.0348555752784
312,16312,20351,4.97867890011,6197,0.283662134686,0.331581083824,0.0274326286913
313,16264,20375,4.97227760616,6197,0.27183158015,0.332295508131,0.0351783120865
314,16211,20207,4.97458015306,6197,0.277506902018,0.330932748004,0.0342101016621
315,15919,20018,4.9756138901,6197,0.278668712843,0.324978714721,0.0303372599645
316,16230,20283,4.97524875372,6197,0.280822440906,0.3336587076,0.0324350492174
317,16540,20505,4.97266300475,6197,0.279380189949,0.328987760902,0.0325964176214
318,16360,20382,4.97573884904,6197,0.284269393918,0.329384629392,0.0321123124092
319,16072,20113,4.976430733,6197,0.281008101536,0.325180223866,0.0345328384702
320,16187,20179,4.97380706402,6197,0.279110441462,0.327914937759,0.0304986283686
321,16516,20468,4.9767340931,6197,0.283372614014,0.331346476637,0.0329191544296
322,16307,20380,4.97427470945,6197,0.280130200414,0.331061162462,0.0321123124092
323,16166,20212,4.97215686634,6197,0.28511882041,0.332837836459,0.0304986283686
324,16281,20239,4.97418824348,6197,0.275622836011,0.330112475996,0.0311441019848
325,16052,19996,4.97331420803,6197,0.277646384101,0.332142557828,0.0337259964499
326,15969,19965,4.97444732884,6197,0.276452735363,0.330743980973,0.033887364854
327,16377,20319,4.97279343292,6197,0.278705486055,0.32836798837,0.029207681136
328,16203,20205,4.97127829924,6197,0.280399593607,0.327657248145,0.031466838793
329,16393,20349,4.97546153291,6197,0.282481245769,0.331898350724,0.0303372599645
330,16413,20508,4.97447097676,6197,0.281698934708,0.334953969508,0.033887364854
331,16354,20335,4.97308575038,6197,0.281621058216,0.329300702611,0.0306599967726
332,16196,20115,4.97389436339,6197,0.276024620845,0.333200678271,0.0324350492174
333,15989,19984,4.97629327296,6197,0.268171327486,0.331006968677,0.0342101016621
334,16208,20186,4.97195955727,6197,0.276795878359,0.332003506633,0.029046312732
335,16541,20630,4.97411433071,6197,0.278899298009,0.328282512465,0.034048733258
336,16335,20329,4.97312940006,6197,0.279135642379,0.335360873058,0.0319509440052
337,16176,20133,4.97292370483,6197,0.275713426919,0.327938103225,0.0304986283686
338,16363,20254,4.97456239108,6197,0.277154561675,0.326466591051,0.0306599967726
339,16567,20577,4.97414876083,6197,0.279676614555,0.335754770483,0.0342101016621
340,16374,20340,4.97429497165,6197,0.27914950881,0.329926451769,0.0321123124092
341,16419,20343,4.97665132538,6197,0.283120968595,0.332504045307,0.0313054703889
342,16184,20121,4.9761325817,6197,0.280820318697,0.330555362962,0.034048733258
343,16209,20193,4.97572139959,6197,0.279078917114,0.330440329246,0.0317895756011
344,16372,20326,4.97559519053,6197,0.27642828795,0.328179750415,0.0330805228336
345,16129,20085,4.97608507751,6197,0.277141368077,0.330756507117,0.0322736808133
346,16400,20373,4.97509420883,6197,0.275956158144,0.330469425944,0.0348555752784
347,16358,20320,4.97261372957,6197,0.274882003809,0.331415420023,0.0303372599645
348,16005,19894,4.97752265226,6197,0.278893819059,0.331265534819,0.0322736808133
349,16245,20335,4.97310882533,6197,0.278615838229,0.33373179083,0.0355010488946
350,16175,20239,4.97249476074,6197,0.283898819112,0.335805059159,0.0353396804906
351,16009,19974,4.97589063327,6197,0.279990501628,0.32820308653,0.0309827335808
352,16436,20586,4.97462302143,6197,0.280897236328,0.331890032326,0.0304986283686
353,16371,20426,4.97202951135,6197,0.280930746658,0.326878976615,0.031466838793
354,16376,20376,4.97719949875,6197,0.283611573421,0.330833459845,0.0309827335808
355,16123,20241,4.97393535659,6197,0.275539166019,0.329636737259,0.0288849443279
356,16422,20401,4.97639239629,6197,0.287872977565,0.330726909978,0.0353396804906
357,16026,19989,4.97569686617,6197,0.2747240169,0.328083971412,0.0346942068743
358,16281,20195,4.97113271348,6197,0.264938269828,0.32922548386,0.0311441019848
359,16116,20232,4.97529594538,6197,0.274553920686,0.328729716597,0.0303372599645
360,16156,20131,4.9749838866,6197,0.279517940953,0.331135380893,0.0329191544296
361,16090,20127,4.97282249798,6197,0.277320575612,0.334205112832,0.0313054703889
362,16357,20415,4.97440128311,6197,0.280709159297,0.332979637209,0.0317895756011
363,16611,20685,4.96941360347,6197,0.281424041543,0.327974752694,0.031628207197
364,15830,19809,4.97725830602,6197,0.282145156974,0.326972362306,0.0301758915604
365,16368,20346,4.97224301977,6197,0.274814973097,0.330956699468,0.0342101016621
366,16233,20183,4.97453369063,6197,0.286148505013,0.331016670254,0.033887364854
367,16476,20446,4.97690124327,6197,0.277525877562,0.329872330167,0.031466838793
368,16208,20154,4.9748263727,6197,0.270586013806,0.329722518859,0.0304986283686
369,16194,20201,4.9768859815,6197,0.26660048082,0.329546570079,0.0356624172987
370,16799,20837,4.97227458506,6197,0.272685964962,0.337286147013,0.0342101016621
371,16521,20601,4.97411964368,6197,0.278978438903,0.334845681052,0.0321123124092
372,16248,20208,4.97403062541,6197,0.279152563932,0.331030207006,0.0322736808133
373,16276,20267,4.96981259701,6197,0.277902516432,0.335654785362,0.0311441019848
374,16035,19916,4.97459713373,6197,0.274050046461,0.330205366407,0.033887364854
375,16244,20182,4.97713517016,6197,0.275019310703,0.331176378627,0.029207681136
376,16299,20319,4.97444107829,6197,0.272421921806,0.329003173473,0.0327577860255
377,15978,19943,4.97813322696,6197,0.275122981909,0.327624112733,0.0343714700662
378,16426,20373,4.97293683099,6197,0.27858041302,0.334637945086,0.0321123124092
379,16215,20207,4.97318237349,6197,0.278056786103,0.330217566479,0.031628207197
380,16219,20131,4.97464875286,6197,0.281596787523,0.333974912974,0.031628207197
381,16162,20176,4.97192398121,6197,0.280189990007,0.326878657891,0.0295304179442
382,16241,20288,4.97255961021,6197,0.273799919706,0.340215463794,0.0346942068743
383,16655,20651,4.97303470421,6197,0.277734853043,0.334255097398,0.0329191544296
384,15900,19865,4.97728747526,6197,0.280374604453,0.333383583591,0.0296917863482
385,16472,20455,4.97447436248,6197,0.275832546491,0.330575517845,0.0350169436824
386,16242,20126,4.97457082932,6197,0.274326507482,0.330551283342,0.0366306277231
387,16409,20433,4.97278051511,6197,0.27459756197,0.329712822278,0.0346942068743
388,16107,20003,4.97551398545,6197,0.281860179172,0.334135499532,0.0313054703889
389,16636,20676,4.9731564337,6197,0.276369791548,0.335251283737,0.0335646280458
390,16344,20390,4.97246454974,6197,0.276830590635,0.32809992348,0.0329191544296
391,16500,20471,4.97563910066,6197,0.283343268901,0.331562724153,0.0353396804906
392,15984,19936,4.97749296214,6197,0.280011248519,0.330055874675,0.0327577860255
393,16169,20202,4.976947289,6197,0.27438383006,0.330828715659,0.0325964176214
394,15974,19954,4.97496945824,6197,0.272470478783,0.3298704208,0.0345328384702
395,16394,20479,4.97655834843,6197,0.274161200384,0.333681503567,0.0334032596418
396,16356,20251,4.97479433863,6197,0.282126865587,0.333371890873,0.0346942068743
397,16374,20422,4.97779033213,6197,0.277265878994,0.332817264521,0.0335646280458
398,16367,20323,4.9722191635,6197,0.280906663587,0.333003952569,0.0343714700662
399,16090,20164,4.97429398198,6197,0.284492972371,0.331111288105,0.031628207197
400,16688,20662,4.97158567011,6197,0.281151443633,0.332802873726,0.029046312732
401,16278,20280,4.97419944239,6197,0.281621770027,0.33686132747,0.0301758915604
402,16083,19987,4.97849706115,6197,0.274240759033,0.327961981563,0.0317895756011
403,16308,20289,4.97188679043,6197,0.286025634536,0.331343314045,0.0332418912377
404,16229,20167,4.97401322804,6197,0.284441875562,0.328320612002,0.0306599967726
405,15953,19848,4.97545418851,6197,0.270736489502,0.330831908471,0.0350169436824
406,16161,20110,4.97497617759,6197,0.273508947834,0.331604888633,0.0300145231564
407,16428,20382,4.97663799087,6197,0.283156624342,0.332077733926,0.0313054703889
408,16308,20190,4.96997433003,6197,0.28052455791,0.332200501047,0.0308213651767
409,16437,20492,4.97334790892,6197,0.284887975546,0.33325820426,0.031628207197
410,15959,19934,4.97521458404,6197,0.270806236942,0.329431648785,0.0288849443279
411,16376,20312,4.97155311516,6197,0.28880480149,0.333371093112,0.0322736808133
412,16480,20465,4.97332499024,6197,0.280694505097,0.331836882379,0.0361465225109
413,16693,20646,4.97230328551,6197,0.277441384139,0.335092382965,0.0308213651767
414,16366,20388,4.97527771461,6197,0.28300091414,0.332120566449,0.031628207197
415,16427,20582,4.97161921474,6197,0.288154029532,0.33488553616,0.0330805228336
416,16750,20730,4.96811176986,6197,0.276630090771,0.333279405674,0.031466838793
417,16049,20066,4.97107156225,6197,0.274737583544,0.329116198704,0.0348555752784
418,16260,20264,4.97635671606,6197,0.276463607205,0.334524201682,0.0351783120865
419,16541,20515,4.97345291819,6197,0.27281244394,0.335818888671,0.036469259319
420,16378,20337,4.97476110653,6197,0.276699612522,0.331809088311,0.031466838793
421,16408,20406,4.97779314487,6197,0.278068100737,0.327817453405,0.0319509440052
422,16407,20470,4.97403041706,6197,0.274514525479,0.334248533298,0.0327577860255
423,16126,20025,4.97680165115,6197,0.278078868034,0.32801647049,0.0308213651767
424,16348,20408,4.97211983182,6197,0.28333913429,0.333232102365,0.0293690495401
425,16327,20276,4.97586865216,6197,0.279484228312,0.335609446093,0.0327577860255
426,16469,20437,4.97173865236,6197,0.275724333054,0.332228492736,0.0324350492174
427,16690,20728,4.96956929429,6197,0.280960044771,0.335766256648,0.0313054703889
428,15872,19841,4.97672221705,6197,0.276431029016,0.332538648188,0.0321123124092
429,16158,20248,4.9745877579,6197,0.28311828169,0.328239364086,0.034048733258
430,16205,20053,4.97250455327,6197,0.277465176736,0.332027995334,0.0327577860255
431,16531,20605,4.97565352901,6197,0.278169404916,0.331403205275,0.0298531547523
432,16248,20176,4.97189007197,6197,0.282045641232,0.333093566873,0.0311441019848
433,16626,20672,4.97140909203,6197,0.284052848126,0.331872903357,0.0356624172987
434,16363,20310,4.97812801817,6197,0.277906186826,0.331545927949,0.0337259964499
435,16444,20377,4.97433169364,6197,0.276574256391,0.333907273365,0.0313054703889
436,15938,19948,4.97393223131,6197,0.268728708495,0.32512975231,0.0343714700662
437,16413,20486,4.97461807307,6197,0.279008015184,0.330837400118,0.0342101016621
438,16108,20076,4.97333889771,6197,0.276055727009,0.331140167364,0.0300145231564
439,16479,20497,4.97262253243,6197,0.273692818915,0.334724629951,0.0287235759238
440,16290,20267,4.97479506786,6197,0.281168741852,0.334645056507,0.0335646280458
441,16482,20473,4.97271509268,6197,0.28375651084,0.336737313236,0.0322736808133
442,16557,20566,4.97429314857,6197,0.280377919266,0.329955761327,0.0285622075198
443,16090,20188,4.97372424421,6197,0.274828269186,0.326592851527,0.0359851541068
444,16170,20140,4.97666872275,6197,0.277461564324,0.329849322515,0.0343714700662
445,16191,20205,4.97494924813,6197,0.279653703139,0.325248446569,0.0325964176214
446,16420,20527,4.97341520653,6197,0.275666640809,0.329841471232,0.0311441019848
447,16123,19970,4.97701000286,6197,0.274091286218,0.33039295711,0.0337259964499
448,16148,20058,4.97431111891,6197,0.275620832351,0.331891191439,0.0313054703889
449,16233,20111,4.9739594733,6197,0.281357047927,0.329153185547,0.0306599967726
450,16185,20174,4.9723473519,6197,0.283356954609,0.332669688802,0.0306599967726
451,16051,19948,4.97659194514,6197,0.281612486521,0.333293485599,0.0327577860255
452,16240,20171,4.97757328173,6197,0.284845551396,0.340230651155,0.0329191544296
453,16112,20116,4.97454311854,6197,0.282590124514,0.334266931452,0.0335646280458
454,16277,20242,4.97394389901,6197,0.274072979997,0.329360003566,0.0342101016621
455,16473,20478,4.97505097585,6197,0.276997765572,0.334971785265,0.0345328384702
456,16446,20495,4.97420933909,6197,0.28665300286,0.335142150517,0.0308213651767
457,16219,20081,4.97658730932,6197,0.281379670307,0.330911349169,0.031466838793
458,16314,20313,4.97540819487,6197,0.283227394343,0.329702625579,0.0313054703889
459,16502,20514,4.97606757596,6197,0.280593257744,0.332615933013,0.0309827335808
460,16272,20317,4.97319904162,6197,0.279614180989,0.333835956183,0.031628207197
461,16396,20447,4.97531053,6197,0.278770756726,0.335531855178,0.0327577860255
462,16301,20257,4.97273894895,6197,0.278289652127,0.326080012091,0.031466838793
463,16332,20322,4.97487085579,6197,0.276448789851,0.331024648605,0.031466838793
464,16109,20128,4.97819406566,6197,0.286462197136,0.33517168683,0.0308213651767
465,16166,20274,4.97313554644,6197,0.28182504124,0.333789178892,0.0296917863482
466,16301,20269,4.97417641952,6197,0.280681747586,0.327999650617,0.029207681136
467,16093,19989,4.9754935149,6197,0.279080023612,0.330192464007,0.0324350492174
468,16151,19973,4.97831459713,6197,0.271401115324,0.333099835855,0.0335646280458
469,16632,20677,4.97165890574,6197,0.276696232346,0.332339747373,0.0332418912377
470,16343,20313,4.97359522241,6197,0.282046389912,0.331448557469,0.0332418912377
471,15848,19855,4.97871682012,6197,0.278549836407,0.327361354599,0.0332418912377
472,16435,20403,4.97487825228,6197,0.282160156432,0.331888426295,0.0309827335808
473,16392,20364,4.97518286249,6197,0.27836705557,0.333273795281,0.0345328384702
474,16211,20303,4.97322565856,6197,0.282049264832,0.334415397387,0.0311441019848
475,16283,20189,4.97425600988,6197,0.27361164035,0.333543284568,0.0351783120865
476,16192,20179,4.97606669047,6197,0.278560511316,0.331796854007,0.0337259964499
477,16282,20217,4.97085024064,6197,0.284462238767,0.334869290081,0.0298531547523
478,16187,20128,4.97582104379,6197,0.284771807742,0.328983213201,0.0356624172987
479,16444,20334,4.97385243261,6197,0.281163974412,0.334739003868,0.0321123124092
480,16544,20590,4.97407745246,6197,0.276685853852,0.334497656035,0.0319509440052
481,15825,19807,4.97169844048,6197,0.279685425441,0.325631595204,0.0313054703889
482,16269,20271,4.97561920307,6197,0.283559572895,0.331812683247,0.0311441019848
483,16241,20184,4.97399093441,6197,0.279383015366,0.331106748854,0.0322736808133
484,16145,20048,4.97288953515,6197,0.273050409657,0.33164483952,0.0300145231564
485,15893,19890,4.97481444457,6197,0.279002071457,0.332691006599,0.0304986283686
486,16328,20355,4.97204341883,6197,0.275685278151,0.333489784834,0.0322736808133
487,16463,20482,4.97597215088,6197,0.277555134634,0.335477623297,0.033887364854
488,16214,20213,4.97624316437,6197,0.270623830136,0.327970238055,0.033887364854
489,16251,20213,4.97460098823,6197,0.284144339702,0.332462301177,0.0335646280458
490,16162,20144,4.97564628879,6197,0.281539573031,0.335512447818,0.0300145231564
491,15971,19901,4.97380274072,6197,0.277635582611,0.326317026025,0.031466838793
492,16442,20474,4.97428174132,6197,0.281905070872,0.33499083571,0.0317895756011
493,16184,20221,4.97429736769,6197,0.275520658659,0.33334596425,0.0345328384702
494,16160,20032,4.97458911219,6197,0.281829792802,0.334651314818,0.031628207197
495,16153,20170,4.97362095385,6197,0.271556562495,0.331914980529,0.03888978538
496,16378,20334,4.97562847472,6197,0.279543196195,0.328369494304,0.0301758915604
497,15886,19959,4.97421949624,6197,0.278585687758,0.328293827839,0.0343714700662
498,16170,20195,4.97709042662,6197,0.277496774007,0.333988480798,0.0327577860255
499,16238,20242,4.97621149491,6197,0.26969923968,0.329676991314,0.0308213651767
500,16035,20088,4.97238626158,6197,0.2754642014,0.330098697852,0.0345328384702
501,16400,20378,4.9767384164,6197,0.283174908985,0.330368107448,0.0313054703889
502,16117,20098,4.97863040625,6197,0.274023935363,0.330442270167,0.0325964176214
503,16078,20065,4.9748716892,6197,0.272880328011,0.328519408713,0.0317895756011
504,16274,20322,4.97240167961,6197,0.273499333112,0.331983668145,0.0329191544296
505,16303,20237,4.9730757495,6197,0.276844859235,0.329932846873,0.0304986283686
506,16501,20613,4.97097014705,6197,0.282011979879,0.335873015873,0.0317895756011
507,16142,20128,4.97164301892,6197,0.280218304082,0.328631933879,0.0346942068743
508,16188,20034,4.97453369063,6197,0.281388461957,0.33462394701,0.0355010488946
509,16348,20323,4.97635879957,6197,0.280603894396,0.333119595109,0.0332418912377
510,16319,20258,4.97193267989,6197,0.272888219176,0.333280021778,0.0342101016621
511,16220,20201,4.97186355921,6197,0.275081001888,0.330437240015,0.0306599967726
512,16368,20394,4.97595709746,6197,0.271801885807,0.334828467262,0.036469259319
513,16063,20144,4.97314268248,6197,0.279938751866,0.335890401622,0.0319509440052
514,15944,19990,4.9739970287,6197,0.276229667686,0.331045141886,0.0303372599645
515,16434,20473,4.9734407817,6197,0.279753366754,0.334174334452,0.0358237857028
516,16618,20648,4.97060506276,6197,0.276871116238,0.328130525323,0.0345328384702
517,16305,20296,4.97330811375,6197,0.283474910471,0.331371292229,0.0304986283686
518,16210,20146,4.97173599587,6197,0.277116457265,0.327636596622,0.0298531547523
519,16132,20190,4.97153842636,6197,0.272847200312,0.332168441334,0.0300145231564
520,16293,20342,4.97343015576,6197,0.280969654382,0.332796962635,0.029207681136
521,16084,20097,4.97595839966,6197,0.289374323453,0.329244367346,0.0317895756011
522,16549,20454,4.97326649549,6197,0.270897164458,0.331688885287,0.0346942068743
523,16362,20437,4.97345140764,6197,0.272803086378,0.333267295348,0.0322736808133
524,16538,20633,4.97564269473,6197,0.278024968266,0.331892649593,0.031628207197
525,16576,20568,4.97164963409,6197,0.279575803816,0.330554059557,0.0308213651767
526,16027,20049,4.97528354845,6197,0.277973321793,0.33155188909,0.0330805228336
527,16305,20304,4.97420449492,6197,0.280928544875,0.33085930832,0.0319509440052
528,16135,20064,4.97159093099,6197,0.276348142513,0.332683831574,0.0335646280458
529,16410,20433,4.9748583026,6197,0.285291101351,0.330430008904,0.0319509440052
530,16257,20268,4.97449920842,6197,0.284163393895,0.335000068543,0.0309827335808
531,16535,20461,4.97566170682,6197,0.272126536026,0.329222547825,0.0308213651767
532,16435,20487,4.97404244937,6197,0.28061628286,0.33132154492,0.0295304179442
533,16461,20504,4.97459359175,6197,0.2852809628,0.333049783018,0.0308213651767
534,16437,20483,4.97240808642,6197,0.269177231411,0.331403016451,0.033887364854
535,16332,20320,4.97524203438,6197,0.283056410307,0.335430186592,0.0335646280458
536,16224,20182,4.97411584126,6197,0.27867603722,0.330118194623,0.0335646280458
537,16304,20236,4.97457312119,6197,0.276596531475,0.335306462896,0.0329191544296
538,16539,20486,4.97360902571,6197,0.286395064699,0.330366003731,0.0334032596418
539,16362,20333,4.97504993409,6197,0.272864199475,0.335762203729,0.0306599967726
540,16218,20198,4.97680232829,6197,0.279441416449,0.332011233826,0.0309827335808
541,16252,20262,4.97424574856,6197,0.277863648874,0.331108316623,0.0322736808133
542,16366,20358,4.9741570949,6197,0.274219948152,0.331011770324,0.0308213651767
543,16009,20000,4.97565613341,6197,0.278412705628,0.329641353905,0.031466838793
544,16720,20800,4.973000222,6197,0.278673541934,0.332369301366,0.0288849443279
545,16446,20388,4.97528136076,6197,0.280106292622,0.333974556618,0.031628207197
546,16565,20457,4.97068329883,6197,0.290028013721,0.33367539309,0.0313054703889
547,16460,20509,4.9717350062,6197,0.273563424317,0.330448473599,0.0324350492174
548,16164,20157,4.97490200437,6197,0.281424775713,0.329586069747,0.0298531547523
549,16263,20155,4.97820521248,6197,0.277785504476,0.332735435308,0.0330805228336
550,15811,19769,4.97808759794,6197,0.281827248604,0.330596402719,0.0351783120865
551,16414,20480,4.96999901971,6197,0.272330203693,0.33204075903,0.0309827335808
552,16418,20441,4.97584135809,6197,0.283148000979,0.333640960059,0.0304986283686
553,15868,19879,4.97260414539,6197,0.27725740649,0.328734496569,0.0324350492174
554,16201,20091,4.97073054258,6197,0.27930967435,0.332690032995,0.0334032596418
555,16544,20395,4.97833616153,6197,0.282654586021,0.333242553191,0.0322736808133
556,16224,20185,4.97312710819,6197,0.279728677293,0.334430632554,0.0303372599645
557,16514,20560,4.9708939945,6197,0.276897638623,0.339986040509,0.0346942068743
558,16033,20061,4.97426481274,6197,0.282731728001,0.328650901638,0.0319509440052
559,16325,20264,4.97258044538,6197,0.275763215052,0.329515460675,0.0335646280458
560,16520,20520,4.96907456314,6197,0.280335418308,0.330931004633,0.0327577860255
561,16352,20331,4.97426762549,6197,0.281539175623,0.335334605356,0.0330805228336
562,16641,20652,4.97104145543,6197,0.280865429584,0.3279491899,0.0317895756011
563,16384,20415,4.97444201587,6197,0.277861929713,0.330011363751,0.0330805228336
564,16312,20340,4.97283525953,6197,0.278338699958,0.332235479536,0.0346942068743
565,16408,20386,4.97048036426,6197,0.274706093477,0.327167053916,0.033887364854
566,16031,20018,4.97771141891,6197,0.279994696295,0.325115798339,0.0325964176214
567,16029,20026,4.97689441975,6197,0.273951817733,0.332942193676,0.0325964176214
568,16367,20259,4.97943688365,6197,0.280569732505,0.333001869592,0.034048733258
569,16196,20141,4.97347948303,6197,0.274506845816,0.333272548986,0.033887364854
570,16123,20069,4.97697025977,6197,0.280031046346,0.335328074889,0.033887364854
571,15754,19687,4.97330764496,6197,0.281087770337,0.327146864437,0.029046312732
572,16226,20225,4.97308189587,6197,0.275876807613,0.333416824341,0.0356624172987
573,16491,20436,4.97634864243,6197,0.280505179469,0.331606097682,0.0327577860255
574,16225,20183,4.97266701552,6197,0.277233274519,0.332491177824,0.0332418912377
575,16320,20237,4.97554898854,6197,0.281254781299,0.331474911303,0.0332418912377
576,16356,20452,4.97664142868,6197,0.282276233004,0.33137105333,0.0301758915604
577,16549,20438,4.97405364828,6197,0.277361334473,0.330191144253,0.034048733258
578,16418,20494,4.97472506168,6197,0.287627893302,0.33401743974,0.0337259964499
579,16258,20273,4.97284458327,6197,0.283356298466,0.330691326903,0.0335646280458
580,16469,20365,4.97850789544,6197,0.275320525814,0.326659894228,0.0337259964499
581,16363,20448,4.97294667561,6197,0.273772438158,0.336774633846,0.0301758915604
582,16212,20109,4.97562086988,6197,0.277530539459,0.33526176156,0.0304986283686
583,16124,20127,4.97968716615,6197,0.27580400972,0.331464618307,0.0342101016621
584,16268,20201,4.97369924201,6197,0.285332515437,0.329928123566,0.0293690495401
585,15889,19930,4.97420423448,6197,0.272929005058,0.323778195489,0.0308213651767
586,16050,20002,4.97579265587,6197,0.277397963528,0.331985017684,0.0309827335808
587,16190,20072,4.97412756105,6197,0.27932395298,0.32804119805,0.0280781023076
588,16125,20130,4.97382206534,6197,0.28022663705,0.328957376777,0.0334032596418
589,16192,20112,4.97601871748,6197,0.274138576599,0.333295529528,0.033887364854
590,16503,20582,4.97559524262,6197,0.280575749129,0.334069981584,0.0306599967726
591,16463,20392,4.97590240514,6197,0.281183813122,0.33250245538,0.033887364854
592,16397,20375,4.9756803543,6197,0.282399243042,0.340351846487,0.0306599967726
593,16061,20011,4.97607924366,6197,0.276517707031,0.33239869754,0.0327577860255
594,16606,20696,4.97041275413,6197,0.272358712298,0.332565738191,0.0304986283686
595,16359,20399,4.97446920577,6197,0.279416463123,0.335167864592,0.0377602065516
596,16041,19965,4.97929452734,6197,0.288215314221,0.331992161079,0.0322736808133
597,16391,20350,4.97487325184,6197,0.27818037209,0.332596632484,0.0335646280458
598,16527,20681,4.97411323687,6197,0.276947310293,0.32513392192,0.0348555752784
599,16372,20406,4.97168791872,6197,0.274668598059,0.330962959991,0.0348555752784
600,16395,20428,4.97512738884,6197,0.281871281976,0.334060522641,0.0311441019848
601,16175,20071,4.9744863427,6197,0.277228543268,0.332568526569,0.0353396804906
602,16212,20215,4.97467740122,6197,0.278279097979,0.339116592109,0.0345328384702
603,16379,20367,4.96954377121,6197,0.268926869687,0.32959971172,0.0334032596418
604,16413,20461,4.97543403048,6197,0.284130181448,0.328843252971,0.031628207197
605,16498,20541,4.97434075694,6197,0.281876735835,0.332719121052,0.031628207197
606,16234,20219,4.97351360063,6197,0.275260435088,0.331465687543,0.0329191544296
607,16180,20047,4.97735617924,6197,0.279255305047,0.332137680782,0.0309827335808
608,16216,20182,4.97721564601,6197,0.288073854956,0.332820801472,0.0325964176214
609,16144,20093,4.97585432798,6197,0.286135070351,0.333186457598,0.031466838793
610,16413,20347,4.97608882784,6197,0.279975763422,0.33570464118,0.0304986283686
611,16231,20181,4.9736677809,6197,0.272722921582,0.329171838615,0.031466838793
612,16289,20262,4.97557862657,6197,0.2778990943,0.333024413673,0.0324350492174
613,15990,19942,4.97531537418,6197,0.276562714097,0.33019544966,0.0303372599645
614,16266,20160,4.97579494774,6197,0.274501927615,0.333275069659,0.0322736808133
615,16295,20259,4.97414646896,6197,0.275795757888,0.329970108446,0.0330805228336
616,16242,20291,4.97446425742,6197,0.284143614549,0.332714640702,0.033887364854
617,16251,20196,4.97848039301,6197,0.279884246518,0.332868016873,0.0332418912377
618,15959,19948,4.97679732785,6197,0.280399832792,0.332937179878,0.0337259964499
619,16178,20272,4.97627915713,6197,0.27391019875,0.32586551901,0.0334032596418
620,16260,20275,4.97610403751,6197,0.279846099064,0.327832351908,0.0303372599645
621,16308,20272,4.98021262918,6197,0.2714990265,0.326448367878,0.0319509440052
622,16362,20308,4.97495336307,6197,0.282756800168,0.328804891531,0.0295304179442
623,16001,20063,4.97244402709,6197,0.280878578116,0.328073908214,0.0322736808133
624,16383,20379,4.97278051511,6197,0.282128336309,0.339696803333,0.0308213651767
625,16242,20201,4.97423366416,6197,0.273883353439,0.329716986017,0.0353396804906
626,16283,20233,4.97302230728,6197,0.289255263157,0.333060785146,0.0309827335808
627,16144,20081,4.97602481177,6197,0.281847596881,0.326586923588,0.0325964176214
628,15945,19810,4.97375398642,6197,0.274406137222,0.326774906127,0.0319509440052
629,16157,20120,4.97320826119,6197,0.26870994803,0.330067447138,0.0321123124092
630,16166,20091,4.97151727866,6197,0.286568904037,0.335758959525,0.0329191544296
631,16351,20351,4.97707427937,6197,0.274040613849,0.331048600953,0.0319509440052
632,16603,20704,4.97139362192,6197,0.284491957119,0.328217734511,0.0295304179442
633,16409,20385,4.97546653335,6197,0.279737055586,0.330248696727,0.0311441019848
634,16428,20415,4.97621477645,6197,0.281014570885,0.331296664428,0.0311441019848
635,16060,19988,4.97354120723,6197,0.272523827852,0.32901745416,0.0343714700662
636,16307,20226,4.97633275561,6197,0.274376619617,0.332657385909,0.0322736808133
637,16344,20336,4.97239777301,6197,0.279644914888,0.334392034427,0.0325964176214
638,16453,20387,4.97549445248,6197,0.287969754191,0.330653340836,0.0317895756011
639,16648,20685,4.97269623685,6197,0.283097963259,0.33264169843,0.0325964176214
640,16696,20726,4.97361230725,6197,0.27822458052,0.33418511191,0.0322736808133
641,16379,20300,4.97736253397,6197,0.274230291304,0.3284932087,0.0353396804906
642,16684,20755,4.97270264366,6197,0.282692440599,0.329410011919,0.0327577860255
643,16491,20546,4.97230583782,6197,0.284567714155,0.338032067377,0.0309827335808
644,16082,19971,4.97726216053,6197,0.266770505037,0.324291767052,0.0313054703889
645,15855,19952,4.97730185153,6197,0.278042183199,0.325437208706,0.0327577860255
646,16033,20045,4.97139310104,6197,0.278576716364,0.328355904849,0.0311441019848
647,16133,20051,4.97493018394,6197,0.279357101711,0.335959172725,0.0342101016621
648,15864,19826,4.97501170155,6197,0.267735951128,0.324610017864,0.0330805228336
649,16509,20602,4.97127855968,6197,0.279305404342,0.334303719999,0.0342101016621
650,16221,20101,4.97574890201,6197,0.281448971478,0.332797377404,0.0345328384702
651,16547,20566,4.96945136722,6197,0.281604190145,0.334843003143,0.034048733258
652,16341,20440,4.97476496103,6197,0.273432457553,0.335002374921,0.0345328384702
653,16303,20308,4.9735314147,6197,0.276274409099,0.332279667285,0.0325964176214
654,16201,20264,4.97454035788,6197,0.275408762476,0.328316292948,0.0324350492174
655,15943,19998,4.97687191776,6197,0.279139439121,0.333015197122,0.029207681136
656,16205,20264,4.97576458048,6197,0.277119431716,0.330910458686,0.0306599967726
657,16496,20439,4.97582114797,6197,0.284777477376,0.33149132105,0.0325964176214
658,16451,20391,4.97359032615,6197,0.278381194717,0.336729349684,0.0367919961272
659,16212,20185,4.97651688644,6197,0.280684610372,0.337424067036,0.031628207197
660,16606,20696,4.96923515023,6197,0.279128066656,0.330350087832,0.0309827335808
661,16337,20245,4.97456869372,6197,0.272950527797,0.331242602353,0.0335646280458
662,16340,20356,4.97401249881,6197,0.279888194936,0.336658826973,0.0317895756011
663,16397,20363,4.97423007009,6197,0.287483673197,0.335232554653,0.0300145231564
664,16177,20164,4.97300933739,6197,0.279986741114,0.329406454369,0.031466838793
665,16423,20487,4.97265279551,6197,0.27383239216,0.330438315811,0.0311441019848
666,16497,20428,4.97372830707,6197,0.280899762372,0.333960135389,0.0319509440052
667,16542,20652,4.97382086732,6197,0.281972210698,0.336709305389,0.0359851541068
668,16432,20488,4.97264201331,6197,0.280952081904,0.331582339239,0.0295304179442
669,16393,20298,4.97426074988,6197,0.282151906261,0.333538896128,0.0345328384702
670,16154,20104,4.97334900277,6197,0.275869551239,0.333094884225,0.0345328384702
671,16426,20435,4.97542600894,6197,0.278935606926,0.332311891986,0.034048733258
672,16196,20066,4.97610690235,6197,0.280590654555,0.337748412316,0.0332418912377
673,16259,20108,4.97465760781,6197,0.282092756818,0.332329751605,0.0330805228336
674,16657,20699,4.97322196031,6197,0.275187306178,0.335974766093,0.0301758915604
675,16348,20399,4.97309924115,6197,0.276611788247,0.330907427844,0.031466838793
676,16617,20668,4.97178797963,6197,0.282590445643,0.334051738452,0.0351783120865
677,16066,20078,4.9714204472,6197,0.278839030028,0.33186635469,0.0327577860255
678,16418,20416,4.97327915286,6197,0.282042480063,0.332106501196,0.033887364854
679,15945,19971,4.97355370833,6197,0.274095200903,0.325206187193,0.0303372599645
680,16461,20542,4.97075544061,6197,0.288966981875,0.328851067162,0.0293690495401
681,16210,20229,4.97450321919,6197,0.280065607327,0.326280585606,0.0279167339035
682,16157,20148,4.974860907,6197,0.275031596814,0.332349907159,0.0353396804906
683,16210,20242,4.9712068346,6197,0.271276487678,0.329116814165,0.0350169436824
684,16270,20182,4.97468344342,6197,0.268221456085,0.330060658492,0.036469259319
685,16110,20215,4.97623066327,6197,0.271820825399,0.333282391417,0.0355010488946
686,16414,20351,4.97364850836,6197,0.280002253712,0.334015007999,0.031466838793
687,16192,20159,4.97538428651,6197,0.280130210218,0.332784763882,0.0319509440052
688,16206,20171,4.97082476964,6197,0.272104019394,0.326419422022,0.0359851541068
689,16211,20215,4.9711762069,6197,0.282491189096,0.331381146578,0.0317895756011
690,16334,20348,4.97353506085,6197,0.274892705253,0.330962408255,0.0329191544296
691,16090,20150,4.97677420081,6197,0.278007748107,0.327248963089,0.0319509440052
692,16162,20215,4.97643922334,6197,0.277827161111,0.324160565514,0.0337259964499
693,16665,20713,4.97641646091,6197,0.281498650498,0.33199488415,0.0313054703889
694,16512,20532,4.97456562053,6197,0.281773598829,0.331656549853,0.0304986283686
695,16213,20219,4.97118995811,6197,0.274072175966,0.327741966652,0.0313054703889
696,16287,20186,4.97384175458,6197,0.278754782761,0.329450377983,0.0300145231564
697,16288,20288,4.97313617149,6197,0.284182374502,0.334160134591,0.0296917863482
698,16343,20387,4.97575692355,6197,0.273386123236,0.331791346967,0.0329191544296
699,16364,20390,4.97542861334,6197,0.269523334071,0.332300373319,0.034048733258
700,16446,20515,4.97225395824,6197,0.273283786884,0.333596175482,0.0311441019848
701,16276,20362,4.97107541676,6197,0.271266599885,0.332916628553,0.0355010488946
702,16101,20140,4.97621524524,6197,0.278190347254,0.331908308412,0.0298531547523
703,16254,20281,4.97870421484,6197,0.280495025519,0.327820850507,0.0324350492174
704,16125,20181,4.97420334898,6197,0.275262231882,0.329647276591,0.0279167339035
705,16572,20592,4.97756275996,6197,0.27853896433,0.334388712092,0.0337259964499
706,16037,20099,4.97670315287,6197,0.272378902918,0.329960984518,0.0346942068743
707,16421,20458,4.97240022114,6197,0.282867728463,0.331385703911,0.0304986283686
708,16167,20099,4.97328410121,6197,0.278208225133,0.330204510797,0.0295304179442
709,16349,20350,4.97495159208,6197,0.274197290489,0.328318721969,0.0308213651767
710,16384,20430,4.97531287396,6197,0.281246083337,0.334492579823,0.0298531547523
711,16086,20065,4.97539871487,6197,0.278237641245,0.332331042383,0.0345328384702
712,16274,20321,4.97349870348,6197,0.279289518792,0.33404732693,0.031466838793
713,16298,20250,4.97841679365,6197,0.283401002067,0.327073466618,0.0306599967726
714,16206,20149,4.9757865095,6197,0.280421672099,0.329532928097,0.0322736808133
715,16416,20413,4.97448717611,6197,0.277176969428,0.333784458298,0.0334032596418
716,16276,20255,4.97271649905,6197,0.273242507052,0.328924412153,0.0296917863482
717,16344,20392,4.9774383219,6197,0.277977375466,0.336902380542,0.0324350492174
718,16279,20209,4.97464750275,6197,0.276695541129,0.33217540996,0.0330805228336
719,16204,20214,4.97368507409,6197,0.278956567108,0.331951122071,0.0317895756011
720,16256,20225,4.97166130178,6197,0.271367344459,0.329645278904,0.0350169436824
721,16309,20304,4.97493164241,6197,0.279905160559,0.331390055263,0.0313054703889
722,16340,20455,4.97416079314,6197,0.270942181139,0.334240888505,0.0301758915604
723,16412,20352,4.97383644161,6197,0.285750824488,0.331849782012,0.0293690495401
724,16164,20183,4.97465927463,6197,0.280129744476,0.330682482838,0.0280781023076
725,16361,20437,4.97428335604,6197,0.278830147506,0.327110987889,0.034048733258
726,16471,20486,4.97663684494,6197,0.275935246046,0.334219242746,0.0329191544296
727,16189,20134,4.97351042326,6197,0.282383325069,0.334065257683,0.0303372599645
728,16367,20432,4.97442487895,6197,0.272375980791,0.33145873943,0.0330805228336
729,15890,19792,4.97132413662,6197,0.276988505901,0.329172637054,0.0296917863482
730,16190,20134,4.97536511815,6197,0.282821414341,0.331600989647,0.0335646280458
731,16107,20154,4.97614789555,6197,0.283067662689,0.33139457489,0.0334032596418
732,16187,20210,4.97178855259,6197,0.274056350229,0.328739529653,0.0337259964499
733,16783,20751,4.97130512453,6197,0.277715791897,0.337148363592,0.0327577860255
734,16365,20363,4.97545517818,6197,0.279125387862,0.332511415525,0.0301758915604
735,16205,20144,4.97484298875,6197,0.280150842839,0.329293085347,0.0321123124092
736,16196,20012,4.9742878356,6197,0.269795985839,0.326383130783,0.0298531547523
737,16232,20243,4.97675060498,6197,0.272382904196,0.333734988971,0.0329191544296
738,16503,20465,4.97349391139,6197,0.279370519602,0.331456867864,0.0351783120865
739,16301,20272,4.97132241772,6197,0.279727117401,0.33054009753,0.0348555752784
740,16124,20139,4.97864973087,6197,0.274107045578,0.325971241257,0.0313054703889
741,16341,20345,4.97528406933,6197,0.270942591065,0.330752856598,0.0322736808133
742,16207,20135,4.97457707987,6197,0.28416422649,0.327274215999,0.0321123124092
743,16193,20199,4.97345958544,6197,0.27828034569,0.328561055473,0.0329191544296
744,16021,20006,4.97698494857,6197,0.281037037257,0.333466613355,0.0325964176214
745,15863,19859,4.97761958789,6197,0.2761346095,0.328211405989,0.0337259964499
746,16665,20717,4.97826021733,6197,0.286861523592,0.333700051079,0.0321123124092
747,16443,20529,4.97218150393,6197,0.277585529384,0.327809769658,0.031628207197
748,16273,20201,4.97710292773,6197,0.279360491626,0.329571746404,0.0322736808133
749,16256,20131,4.97736664891,6197,0.278085926769,0.340319302737,0.0379215749556
750,16106,20064,4.97159640022,6197,0.276725250583,0.328517478056,0.029207681136
751,16047,19975,4.9747625129,6197,0.279903892114,0.32798529704,0.0322736808133
752,16278,20367,4.97514765105,6197,0.270611702284,0.331942721084,0.0351783120865
753,16148,20142,4.97513676467,6197,0.280898090392,0.330913834741,0.0324350492174
754,16453,20424,4.97389649899,6197,0.278149844311,0.332972464109,0.0319509440052
755,16201,20135,4.9778642449,6197,0.278343967393,0.33227920287,0.0343714700662
756,16370,20433,4.97317174755,6197,0.279272003668,0.333236582584,0.0319509440052
757,16458,20420,4.97836496616,6197,0.279895300935,0.340486569917,0.029046312732
758,16118,20149,4.97430038879,6197,0.277189368054,0.327614518061,0.0345328384702
759,16420,20409,4.9748367382,6197,0.271785885205,0.328814551793,0.0353396804906
760,16470,20445,4.97552518436,6197,0.276327436701,0.333675792188,0.0322736808133
761,16696,20783,4.97192627308,6197,0.271808094931,0.333715173284,0.0343714700662
762,16146,19962,4.97251674184,6197,0.280748558691,0.329516655551,0.0348555752784
763,16346,20276,4.97657116206,6197,0.285330687962,0.332759835828,0.0295304179442
764,16251,20289,4.97703396331,6197,0.28204186965,0.328456198302,0.0321123124092
765,16139,20133,4.97233672596,6197,0.2814813225,0.332232659256,0.0348555752784
766,16308,20291,4.97221635076,6197,0.286609726179,0.333479144952,0.0277553654994
767,16236,20273,4.97941224606,6197,0.27859903642,0.333168986787,0.0306599967726
768,16128,20160,4.97438070838,6197,0.283030787781,0.330683619347,0.0332418912377
769,16443,20329,4.97832069142,6197,0.288394257023,0.333337825182,0.0351783120865
770,16479,20538,4.97278645314,6197,0.275975441395,0.331172059906,0.0337259964499
771,16184,20100,4.97645313081,6197,0.278596844998,0.33244042984,0.0330805228336
772,16165,20072,4.97648594621,6197,0.270507164472,0.329878488366,0.0332418912377
773,16329,20364,4.97279838127,6197,0.28037341966,0.335238404613,0.0321123124092
774,16113,20074,4.97515765193,6197,0.275443726727,0.327983290276,0.0345328384702
775,16073,19966,4.97480236017,6197,0.281630186757,0.337894957836,0.0300145231564
776,16308,20240,4.97451420974,6197,0.273474970616,0.331405853493,0.0330805228336
777,16232,20236,4.96875406611,6197,0.281325867992,0.330298760636,0.0321123124092
778,16243,20326,4.97640369937,6197,0.276258906311,0.333127698951,0.0329191544296
779,16232,20186,4.97454389986,6197,0.282517151146,0.334194895671,0.0343714700662
780,16458,20491,4.97240053367,6197,0.283054783962,0.33278288484,0.0313054703889
781,16226,20195,4.97314210952,6197,0.2758003251,0.329956301945,0.0319509440052
782,16197,20162,4.97525052471,6197,0.277887535682,0.330992855383,0.0332418912377
783,16489,20527,4.97249851107,6197,0.265919240457,0.325859076942,0.0337259964499
784,16542,20549,4.97175980006,6197,0.282042428765,0.333376679952,0.0359851541068
785,16261,20264,4.9725738823,6197,0.280048702365,0.330609831118,0.0319509440052
786,16449,20479,4.97427986615,6197,0.280090156487,0.328970153303,0.0301758915604
787,16443,20447,4.97318628008,6197,0.285136170797,0.33613301164,0.034048733258
788,16097,20053,4.97314408886,6197,0.278116575854,0.331461952026,0.0330805228336
789,16351,20306,4.97576296575,6197,0.281496759083,0.333472599168,0.0321123124092
790,16596,20833,4.97452488777,6197,0.278609689338,0.330100694105,0.0325964176214
791,16084,19916,4.97699026154,6197,0.282294495994,0.333850871405,0.0330805228336
792,16234,20292,4.97465958715,6197,0.276531440247,0.330480652932,0.0327577860255
793,16096,19946,4.97251663767,6197,0.275773017202,0.327571571881,0.0335646280458
794,16434,20406,4.97558946086,6197,0.287186494913,0.332221069827,0.0334032596418
795,16292,20295,4.97223520659,6197,0.280849816333,0.334094668836,0.0304986283686
796,16394,20479,4.97250554294,6197,0.273020164938,0.33453362529,0.0337259964499
797,16643,20535,4.97647974774,6197,0.283777000466,0.338560446511,0.0322736808133
798,16136,20072,4.97567452045,6197,0.272592409976,0.331727776933,0.0321123124092
799,16050,20053,4.97571160706,6197,0.275948008007,0.330420924996,0.0351783120865
800,16286,20223,4.97560972307,6197,0.274682799159,0.330588862702,0.0327577860255
801,16053,20012,4.97535511727,6197,0.276895758316,0.328361571738,0.0335646280458
802,16357,20358,4.97218499382,6197,0.283526815451,0.331793395428,0.0327577860255
803,16352,20361,4.97834756879,6197,0.282581794011,0.336312707241,0.0327577860255
804,16198,20135,4.9733134788,6197,0.28392183759,0.333959070626,0.0348555752784
805,16099,19914,4.97446337192,6197,0.282335490324,0.333160336502,0.0334032596418
806,16435,20436,4.97634301693,6197,0.284633652867,0.332687436293,0.0298531547523
807,16151,20140,4.97309002159,6197,0.27325937517,0.328287490001,0.0306599967726
808,16662,20806,4.97200851992,6197,0.273615229467,0.330879954982,0.0309827335808
809,16341,20297,4.97335926409,6197,0.275324263473,0.323839344651,0.031466838793
810,16536,20547,4.97715808884,6197,0.275975124219,0.332853025937,0.0334032596418
811,16337,20387,4.973889988,6197,0.280081290073,0.327642149,0.0301758915604
812,16391,20333,4.97697312461,6197,0.273712842057,0.33241340964,0.0298531547523
813,16559,20578,4.97381201237,6197,0.279089857545,0.332930256662,0.029207681136
814,16232,20217,4.97540381948,6197,0.283762007552,0.333160247208,0.0321123124092
815,16189,19952,4.97588250755,6197,0.273409815241,0.336306921899,0.0319509440052
816,15911,19902,4.97459150823,6197,0.275644616758,0.333271656336,0.0306599967726
817,16229,20250,4.97528834054,6197,0.279330475583,0.336743588254,0.0309827335808
818,16306,20341,4.97521807393,6197,0.278984253118,0.331002065666,0.0337259964499
819,16525,20605,4.97372835916,6197,0.28026011427,0.333202980076,0.0304986283686
820,16312,20249,4.97358569032,6197,0.276907185339,0.331060312105,0.0330805228336
821,16484,20445,4.9739085313,6197,0.281883718947,0.331471098382,0.033887364854
822,16146,20114,4.97419011865,6197,0.27431165514,0.32876046393,0.0329191544296
823,16286,20261,4.97286422042,6197,0.282738522706,0.325866622986,0.0303372599645
824,16292,20279,4.97230802551,6197,0.284443095421,0.331239672779,0.0321123124092
825,16213,20191,4.97417319007,6197,0.278369847518,0.330729309494,0.0343714700662
826,16210,20156,4.97402927112,6197,0.274098400404,0.329182927162,0.0296917863482
827,16298,20374,4.97593844999,6197,0.273608941476,0.328456660482,0.0335646280458
828,16399,20412,4.96987640472,6197,0.280866036274,0.327834223256,0.0301758915604
829,16385,20419,4.97514645303,6197,0.2735755914,0.329447557082,0.0343714700662
830,16258,20187,4.97490617141,6197,0.278424237009,0.335638391587,0.0345328384702
831,16308,20374,4.97158822242,6197,0.2787416658,0.328742302826,0.031466838793
832,16132,20059,4.97807681574,6197,0.278657069338,0.331946432258,0.0322736808133
833,16299,20237,4.97814494675,6197,0.274176721195,0.332314612509,0.0346942068743
834,16178,20189,4.97655428557,6197,0.275628246905,0.327664186415,0.0329191544296
835,16271,20268,4.97563607956,6197,0.282855989705,0.33376814344,0.0309827335808
836,16326,20258,4.97767365517,6197,0.279437446529,0.332335512249,0.0304986283686
837,16369,20229,4.97459182076,6197,0.280456820652,0.335243054964,0.0303372599645
838,16341,20436,4.97470313266,6197,0.279841826006,0.332634778118,0.0330805228336
839,16596,20594,4.9736806987,6197,0.273174560644,0.332518677733,0.0355010488946
840,16009,20029,4.97594891966,6197,0.276462434321,0.326161638177,0.0319509440052
841,16141,20140,4.97247501941,6197,0.275787741217,0.324925251986,0.0308213651767
842,15773,19711,4.97311616973,6197,0.276862738321,0.332315027371,0.0342101016621
843,16089,20047,4.97160317165,6197,0.281331272866,0.329902458003,0.0337259964499
844,16327,20278,4.97326029703,6197,0.274638970755,0.332219237838,0.0319509440052
845,16207,20138,4.97869687044,6197,0.27605638808,0.328649085886,0.0325964176214
846,16110,20115,4.97641531498,6197,0.28287671393,0.334687005096,0.0306599967726
847,15968,19881,4.97620904678,6197,0.280630785306,0.322759415431,0.033887364854
848,16411,20411,4.97188861351,6197,0.27685140509,0.331270799369,0.0319509440052
849,15911,19801,4.97772642024,6197,0.272709480071,0.325523845098,0.0330805228336
850,16484,20629,4.97112792139,6197,0.282004633343,0.332582417402,0.031628207197
851,16571,20569,4.97349469271,6197,0.278121725516,0.326897873433,0.0311441019848
852,16484,20429,4.9741562615,6197,0.278902346814,0.330818456047,0.0319509440052
853,16430,20454,4.97564003824,6197,0.272233915883,0.331630465369,0.0334032596418
854,16542,20654,4.97143675072,6197,0.278524981341,0.32906730944,0.031628207197
855,16283,20200,4.97276702434,6197,0.280754534596,0.325442306506,0.0313054703889
856,16445,20397,4.97371002421,6197,0.277800487791,0.326468288706,0.0350169436824
857,16220,20241,4.97543001971,6197,0.284013983045,0.332139555586,0.0311441019848
858,16534,20595,4.97348417095,6197,0.282376093623,0.332051842814,0.0313054703889
859,16000,19821,4.97770355364,6197,0.273384185545,0.330437655887,0.0309827335808
860,16239,20221,4.9744151385,6197,0.284603332621,0.328207957692,0.0329191544296
861,16311,20366,4.97473740652,6197,0.280988804302,0.33503444149,0.0355010488946
862,16594,20602,4.97271576982,6197,0.280132825508,0.329014593009,0.0296917863482
863,16188,20056,4.9744470684,6197,0.276308608986,0.329511429197,0.0308213651767
864,16262,20338,4.97602507221,6197,0.280460331481,0.336984088469,0.0332418912377
865,16157,20161,4.97687051139,6197,0.267226446871,0.329113791952,0.0348555752784
866,16266,20247,4.97714470225,6197,0.275907438932,0.330658084187,0.0337259964499
867,16225,20143,4.97673169706,6197,0.269392961813,0.329679609751,0.0342101016621
868,16350,20375,4.97492966307,6197,0.277945240425,0.330463149877,0.033887364854
869,15876,19776,4.97655277502,6197,0.271420745545,0.32978157766,0.0319509440052
870,16363,20364,4.97150144393,6197,0.286665507222,0.334221442899,0.0337259964499
871,15886,19768,4.97748306543,6197,0.272920700322,0.325238894286,0.031628207197
872,16105,20090,4.97212009226,6197,0.26984897385,0.329347903095,0.0317895756011
873,16476,20504,4.97512046115,6197,0.282000047941,0.326730422694,0.0321123124092
874,15866,19926,4.97550070303,6197,0.274811763783,0.329605345934,0.0367919961272
875,16263,20203,4.97576697652,6197,0.276723334104,0.334762798177,0.0356624172987
876,16187,20085,4.97514983874,6197,0.272975684224,0.326772362227,0.031466838793
877,16352,20329,4.97663319878,6197,0.273162388199,0.327212099237,0.0327577860255
878,16300,20281,4.97498966836,6197,0.27038217301,0.33196771184,0.0321123124092
879,16173,20405,4.9739020724,6197,0.271358436282,0.328901539394,0.0334032596418
880,16271,20284,4.97641130421,6197,0.277765905865,0.326493623961,0.0313054703889
881,16122,19968,4.97275342939,6197,0.273482373465,0.331609947644,0.0358237857028
882,16122,20039,4.97547830522,6197,0.277024548457,0.33355632441,0.033887364854
883,16512,20433,4.97248903106,6197,0.277528381474,0.332886389231,0.0311441019848
884,15999,20049,4.97468974606,6197,0.273050559603,0.327977106878,0.0293690495401
885,16427,20525,4.9767531052,6197,0.280943479259,0.328661889354,0.0337259964499
886,16381,20307,4.97810884981,6197,0.281231737572,0.335733413075,0.0308213651767
887,16359,20346,4.97618331534,6197,0.276857215485,0.329875601792,0.0329191544296
888,16306,20190,4.97445295434,6197,0.277251153478,0.325806707694,0.0337259964499
889,16568,20575,4.97377794687,6197,0.273699872808,0.334410672535,0.0353396804906
890,16463,20519,4.97362486044,6197,0.280583096146,0.330256390005,0.0330805228336
891,16606,20597,4.97515827699,6197,0.281151121808,0.33104428367,0.0313054703889
892,16168,20119,4.97325102538,6197,0.283597380594,0.328697251798,0.0300145231564
893,16018,19967,4.97576843499,6197,0.278454137464,0.329873594481,0.0304986283686
894,16181,20092,4.97427882439,6197,0.277580443174,0.335866049473,0.031466838793
895,16129,20231,4.96948480767,6197,0.277501917285,0.325379902385,0.029207681136
896,16023,20105,4.97567738529,6197,0.276798441044,0.331055141426,0.0308213651767
897,16693,20744,4.96930062475,6197,0.275228377146,0.326618088298,0.0300145231564
898,15794,19732,4.9752781834,6197,0.277387676824,0.334128646384,0.0335646280458
899,16012,19895,4.97570181452,6197,0.279266006037,0.327289211242,0.0329191544296
900,16227,20174,4.9704603104,6197,0.27811155069,0.329976512648,0.033887364854
901,16341,20348,4.97326665176,6197,0.274843422828,0.332195661649,0.0304986283686
902,16274,20222,4.97364350792,6197,0.281953124725,0.335424833925,0.0322736808133
903,16351,20359,4.9748902325,6197,0.279764209273,0.333434976343,0.0325964176214
904,16346,20320,4.97562623494,6197,0.28159220106,0.340164382065,0.0309827335808
905,16166,20120,4.97266597376,6197,0.271631713952,0.328899481128,0.0334032596418
906,16471,20511,4.97134304454,6197,0.282079451602,0.330918177377,0.0322736808133
907,16233,20187,4.97305449762,6197,0.274735390255,0.328822060332,0.031628207197
908,16044,20023,4.97747301246,6197,0.278873300834,0.332911779564,0.033887364854
909,16414,20437,4.97373351586,6197,0.279087140377,0.330124389755,0.0311441019848
910,16360,20406,4.97097144925,6197,0.277160907478,0.325458192546,0.034048733258
911,16252,20241,4.9758702148,6197,0.278462928619,0.326909682702,0.0324350492174
912,16127,20046,4.97740144365,6197,0.274730042048,0.333918183622,0.0306599967726
913,16469,20416,4.97521125041,6197,0.283558358757,0.336482610846,0.0317895756011
914,16253,20283,4.97219989097,6197,0.282824357347,0.329300325548,0.0324350492174
915,16214,20190,4.97287276284,6197,0.272998122351,0.329014521504,0.0359851541068
916,16258,20297,4.97325446318,6197,0.275090238576,0.333012580998,0.0322736808133
917,16511,20537,4.97195502562,6197,0.279211914854,0.333241808227,0.0300145231564
918,16164,20287,4.97220671449,6197,0.274334068443,0.325658162849,0.0301758915604
919,16366,20310,4.97268993421,6197,0.274237975062,0.331481550865,0.034048733258
920,16270,20354,4.97584078512,6197,0.281286731023,0.331339617366,0.0313054703889
921,16139,20163,4.97408521356,6197,0.279185545374,0.326740457859,0.0304986283686
922,16420,20436,4.97506566465,6197,0.28384130884,0.332715738596,0.0334032596418
923,16458,20506,4.97291162043,6197,0.277517107578,0.336370423717,0.0319509440052
924,16191,20153,4.97689223205,6197,0.274162524816,0.325395255889,0.0342101016621
925,16275,20327,4.97659981042,6197,0.274598122905,0.32869887926,0.0298531547523
926,15905,19847,4.97665616956,6197,0.279507587518,0.329895590536,0.0322736808133
927,16439,20483,4.97188652999,6197,0.281288078626,0.33051582287,0.0308213651767
928,15919,19925,4.97514926577,6197,0.274569120451,0.326067749822,0.0277553654994
929,15989,20051,4.97615175006,6197,0.275192553661,0.331237749698,0.031466838793
930,16309,20371,4.97477355554,6197,0.272462507335,0.332920018582,0.0321123124092
931,16150,20175,4.97114250601,6197,0.279910234576,0.32985596035,0.0325964176214
932,16213,20081,4.97823573601,6197,0.280887593557,0.331684051606,0.0335646280458
933,16170,19998,4.97977456969,6197,0.275518438975,0.3232215376,0.0351783120865
934,16566,20689,4.9754175707,6197,0.283559507694,0.33361919155,0.0308213651767
935,16416,20323,4.97320998009,6197,0.279379370269,0.334435618587,0.0306599967726
936,16087,20128,4.9739607755,6197,0.277210163906,0.328821095113,0.0296917863482
937,16172,20085,4.97888834567,6197,0.276480887195,0.334097417282,0.0308213651767
938,16243,20147,4.97780845873,6197,0.283204662563,0.33486451649,0.031466838793
939,16212,20141,4.97197382936,6197,0.279534261833,0.330879039856,0.0317895756011
940,16231,20182,4.97615904237,6197,0.281489939673,0.332200332012,0.0342101016621
941,16165,20181,4.97342911401,6197,0.272558568239,0.327674046774,0.0348555752784
942,16181,20133,4.9707649727,6197,0.272910594796,0.329051342375,0.0327577860255
943,16497,20415,4.97569368881,6197,0.279535763013,0.326114696613,0.034048733258
944,16471,20476,4.97282786304,6197,0.281005874771,0.335654067444,0.0358237857028
945,16228,20196,4.97591089547,6197,0.2723148254,0.332140223514,0.0343714700662
946,16236,20237,4.97518775875,6197,0.284352958631,0.334997851135,0.0304986283686
947,16207,20244,4.97188439438,6197,0.281560639495,0.324508873022,0.0293690495401
948,16262,20261,4.97343578126,6197,0.278612949151,0.333578777418,0.0304986283686
949,16220,20292,4.96865629707,6197,0.277592789231,0.335398161788,0.0311441019848
950,16180,20224,4.97555299931,6197,0.276058527294,0.325687001575,0.0296917863482
951,16420,20372,4.97526099438,6197,0.272296058766,0.333675910694,0.0348555752784
952,16361,20320,4.97431945298,6197,0.286697871254,0.334256405074,0.0288849443279
953,16320,20262,4.97249746931,6197,0.276659695637,0.33186821342,0.0332418912377
954,16496,20340,4.97369757519,6197,0.28811871737,0.332529900546,0.0321123124092
955,15925,19944,4.97403349025,6197,0.285262571778,0.330353093844,0.0304986283686
956,16153,20088,4.97446915368,6197,0.286749712892,0.334069380885,0.0309827335808
957,16324,20363,4.97211946721,6197,0.276300346684,0.331020925342,0.0377602065516
958,16048,20034,4.9777649653,6197,0.279932555474,0.330431980497,0.0337259964499
959,15987,19905,4.97599829902,6197,0.28042856269,0.328194237334,0.0334032596418
960,16484,20523,4.97524989965,6197,0.279462710004,0.3258288271,0.0330805228336
961,16098,20064,4.97386680887,6197,0.271822814386,0.327906684887,0.033887364854
962,16461,20460,4.97024607275,6197,0.273694563764,0.330180497311,0.031466838793
963,16307,20298,4.97307470774,6197,0.275352078777,0.328532077725,0.0334032596418
964,16194,20160,4.97464437748,6197,0.274866530487,0.327703275303,0.0321123124092
965,16393,20307,4.97444842269,6197,0.283300356903,0.328995450817,0.0356624172987
966,16432,20429,4.97334223134,6197,0.274718621938,0.330911296757,0.0319509440052
967,16196,20291,4.97184532844,6197,0.274323243057,0.328576794385,0.0313054703889
968,16374,20331,4.97082435294,6197,0.279268820393,0.332799924695,0.0322736808133
969,16213,20111,4.97315070403,6197,0.27139110092,0.335747229156,0.0325964176214
970,16171,20155,4.97303611058,6197,0.280298485846,0.332866643332,0.0353396804906
971,16194,20105,4.97447623764,6197,0.281251363546,0.326951778971,0.031466838793
972,16215,20270,4.97476704455,6197,0.276548180765,0.33117511758,0.0343714700662
973,16204,20322,4.97217436788,6197,0.282945183978,0.335353677968,0.0309827335808
974,16473,20502,4.97575207938,6197,0.275339058977,0.330811531847,0.0327577860255
975,16552,20502,4.97387238228,6197,0.278695421879,0.329411803617,0.0309827335808
976,16376,20329,4.97148946371,6197,0.277466410093,0.335738098773,0.0319509440052
977,16100,20047,4.97717319434,6197,0.277778051318,0.330634362708,0.0337259964499
978,16342,20339,4.97188970735,6197,0.277371111787,0.329324129009,0.0322736808133
979,16205,20210,4.97648776929,6197,0.271322240879,0.337878281782,0.031628207197
980,16212,20182,4.97189095746,6197,0.276138121666,0.337101922801,0.0327577860255
981,16173,20093,4.97062740848,6197,0.276441573948,0.331531850199,0.033887364854
982,16409,20458,4.97334436695,6197,0.277505526253,0.32952281893,0.031466838793
983,16072,20073,4.97599111088,6197,0.272998893834,0.334307738721,0.0348555752784
984,16033,19941,4.97811385025,6197,0.280774133037,0.32966488515,0.0334032596418
985,16105,19986,4.97571275299,6197,0.274996146452,0.326229805519,0.0330805228336
986,16330,20214,4.97268592344,6197,0.277225431517,0.327531277497,0.0343714700662
987,16495,20546,4.97383383721,6197,0.274099408737,0.333504949721,0.0374374697434
988,16388,20468,4.97364949803,6197,0.27848721647,0.330529703489,0.0322736808133
989,16381,20412,4.97421282899,6197,0.27712211056,0.329988008794,0.0345328384702
990,16140,20071,4.97128569573,6197,0.275001281388,0.328550448997,0.0361465225109
991,16303,20370,4.97278114017,6197,0.281110267648,0.334059811497,0.0300145231564
992,16817,20780,4.96950439273,6197,0.28426309847,0.332923218886,0.0311441019848
993,16246,20286,4.97801243506,6197,0.279782602497,0.334772695171,0.0353396804906
994,16357,20346,4.97106343653,6197,0.283223641616,0.332312435349,0.0322736808133
995,16560,20597,4.97179256336,6197,0.278349040376,0.328403757401,0.0324350492174
996,16062,20139,4.97605382475,6197,0.281204785666,0.331267885684,0.0343714700662
997,16158,20080,4.97527844384,6197,0.273559525386,0.327296460023,0.0337259964499
998,15953,19940,4.97163723716,6197,0.27650269302,0.329550445338,0.036307890915
999,16458,20574,4.97180214754,6197,0.287523586752,0.331424549309,0.031466838793
1000,16102,20022,4.97324211834,6197,0.274132991054,0.332249447979,0.0313054703889
