lexicon,homophones_type,homophones_token,mps,neighbors,avg_lev,num_words,avg_cluster,transitivity,big_comp,bppair,tdpair,kgpair,avg_lev_diff,avg_lev_same,confpairs,distpairs,confpairs_init,distpairs_init,diffpos,mpsinit,mpslast,1entropy,2entropy,3entropy,4entropy,5entropy,pctunique1,pctunique2,pctunique3,pctunique4,pctunique5,1endentropy,2endentropy,3endentropy,4endentropy,5endentropy,pctendunique1,pctendunique2,pctendunique3,pctendunique4,pctendunique5
real,0,0,5534,7129,5.26833564364,4022,0.176489336051,0.343453355155,0.558428642466,17,22,23,2862,2672,97,38,97,38,3726,2413,1476,4.41755457495,7.76575062206,10.3047368851,11.3005311666,10.9669793732,0.000248632521134,0.0216310293386,0.294629537544,0.76106414719,0.947538538041,3.95585430878,7.52974008037,10.1026668831,11.1743059727,10.9290344182,0.0,0.0238687220288,0.284684236698,0.730979612133,0.932869219294
0,0,0,4863,6588,5.2738749363,4022,0.165374157966,0.313408758496,0.591994032819,13,18,26,2783,2080,91,37,91,37,3755,2132,1326,4.44583092514,7.82746278624,10.225775144,11.1119716221,10.8654660227,0.0,0.0164097463948,0.216807558429,0.620835405271,0.896817503729,3.98382142256,7.55934855479,10.0680976067,11.0648098593,10.8748144574,0.000248632521134,0.020387866733,0.244157135753,0.655146693187,0.905519641969
1,0,0,4954,6721,5.27449574468,4022,0.158722087079,0.31416787967,0.5964694182,15,21,26,2871,2083,91,35,91,35,3886,2098,1344,4.45725526196,7.81494226614,10.2162589233,11.1126128483,10.857106727,0.000248632521134,0.0134261561412,0.214569865738,0.629537543511,0.891347588265,3.98518002779,7.55047185365,10.0990125314,11.0714180482,10.8815161756,0.0,0.0206364992541,0.253107906514,0.660367976131,0.909000497265
2,0,0,5072,6876,5.26697641955,4022,0.165228671096,0.31374997561,0.599204375932,18,30,26,2970,2102,94,42,94,42,4047,2233,1404,4.43150710046,7.78559215286,10.1933321452,11.0804229674,10.8538869622,0.000248632521134,0.0171556439582,0.21705619095,0.621332670313,0.889855793138,3.97952836266,7.52913847737,10.0642293372,11.0899257013,10.8586795635,0.0,0.0198906016907,0.230730979612,0.654898060666,0.898060666335
3,0,0,5007,6805,5.26957293206,4022,0.164542121576,0.314579711317,0.599701640975,17,22,27,2946,2061,92,42,92,42,3989,2189,1377,4.42542055359,7.76623225193,10.1731559555,11.1027703822,10.8599222397,0.000248632521134,0.014917951268,0.214569865738,0.628791645947,0.89259075087,3.96938763146,7.5510775354,10.0878575054,11.0820565289,10.8990618859,0.0,0.020387866733,0.238438587767,0.657384385878,0.913475882645
4,0,0,5066,6898,5.26512203275,4022,0.165129807526,0.309162117256,0.604177026355,21,30,31,2929,2137,110,46,110,46,4009,2172,1397,4.39565622641,7.74238028804,10.1627336385,11.082061986,10.8570133345,0.000248632521134,0.0136747886624,0.205370462456,0.623321730482,0.893833913476,3.97238110656,7.54057776412,10.0645072459,11.0682649655,10.8789167881,0.0,0.0191447041273,0.241919443063,0.650422675286,0.907011437096
5,0,0,5119,6888,5.27943438668,4022,0.172281188348,0.31937495189,0.581551466932,22,26,26,2928,2191,103,51,103,51,3888,2223,1418,4.46501294434,7.81526005012,10.2055273886,11.1169040657,10.864684891,0.000497265042268,0.0144206862258,0.211089010443,0.627548483342,0.893585280955,3.99637070681,7.56541401823,10.1006401398,11.0737545466,10.8892905081,0.0,0.0181501740428,0.243162605669,0.656638488314,0.910989557434
6,0,0,4983,6792,5.2712985815,4022,0.169504314429,0.318995392832,0.607657881651,20,26,24,2799,2184,103,47,103,47,3813,2149,1382,4.41657985694,7.79388966104,10.1839719985,11.1012866323,10.8705101633,0.000248632521134,0.0169070114371,0.217304823471,0.619840875186,0.897314768772,3.97586131024,7.53846618247,10.0797321826,11.0451150162,10.8586335001,0.0,0.0169070114371,0.241919443063,0.651914470413,0.901790154152
7,0,0,5168,6919,5.27075011832,4022,0.175627507923,0.322415619192,0.612133267031,17,21,22,2994,2174,89,41,89,41,4003,2248,1416,4.42298238324,7.78318310449,10.1768670022,11.0930962576,10.8436739966,0.0,0.014917951268,0.207359522626,0.623570363003,0.887618100448,4.01017487709,7.54308006549,10.0807100817,11.0972222962,10.9087852786,0.0,0.0211337642964,0.234957732471,0.657135753357,0.917702635505
8,0,0,5151,6950,5.27051082266,4022,0.170630234892,0.319909148169,0.603679761313,19,22,29,2914,2237,99,46,99,46,3946,2282,1432,4.40721769964,7.74974350066,10.18632895,11.0730903387,10.8497446882,0.000248632521134,0.0146693187469,0.208105420189,0.619840875186,0.891844853307,3.97951774295,7.59789872574,10.0845651109,11.0714518403,10.8752847295,0.000248632521134,0.0206364992541,0.239930382894,0.655395325709,0.904027846842
9,0,0,4893,6648,5.27485722335,4022,0.168049583597,0.317009501932,0.591248135256,20,17,29,2807,2086,99,38,99,38,3831,2148,1344,4.41642533424,7.8008459615,10.1926384753,11.0940515216,10.858181263,0.000248632521134,0.014917951268,0.215813028344,0.619094977623,0.892839383391,3.98358738573,7.57398218074,10.1265943588,11.1046030262,10.8774779433,0.0,0.0188960716062,0.246146195922,0.669816011934,0.908751864744
10,0,0,5068,6807,5.27247589143,4022,0.166237670299,0.315179326168,0.594728990552,28,22,25,2901,2167,100,36,100,36,3901,2239,1313,4.43671982737,7.78693505522,10.2034626281,11.1187300649,10.8817023508,0.000248632521134,0.0146693187469,0.19965191447,0.623073097961,0.89905519642,3.96985181341,7.56189952961,10.0435934151,11.0752074715,10.8972168675,0.0,0.0208851317752,0.23694679264,0.652411735455,0.91447041273
11,0,0,4940,6737,5.27084583658,4022,0.165607192323,0.312927412046,0.601442068623,20,24,27,2919,2021,97,40,97,40,3920,2102,1381,4.45183728843,7.7936655783,10.2005798518,11.120059287,10.8625557757,0.000248632521134,0.0154152163103,0.214321233217,0.634261561412,0.893585280955,3.97712730412,7.54749404697,10.0568262037,11.1009716441,10.8872193711,0.0,0.0211337642964,0.233217304823,0.666335156638,0.907508702138
12,0,0,4948,6745,5.27308581711,4022,0.167514289949,0.316266893949,0.590999502735,20,23,26,2827,2121,101,43,101,43,3855,2182,1314,4.4177960935,7.78936425625,10.2056590252,11.1140563399,10.8614470912,0.000248632521134,0.0169070114371,0.204127299851,0.633515663849,0.898557931377,3.97527993259,7.54727479653,10.1004912354,11.0985261801,10.8997402415,0.000248632521134,0.0208851317752,0.239930382894,0.662108403779,0.913475882645
13,0,0,5105,6818,5.27585162976,4022,0.169171143057,0.328994355489,0.590253605172,19,34,28,2941,2164,111,40,111,40,3962,2214,1465,4.44302258721,7.77515342914,10.199403914,11.0984782477,10.8497446882,0.000248632521134,0.0141720537046,0.213823968175,0.625808055694,0.884883142715,3.99338019844,7.55445023082,10.0980247053,11.0968522158,10.8715486292,0.0,0.0206364992541,0.240179015415,0.658130283441,0.906762804575
14,0,0,5065,6848,5.2687916039,4022,0.162713810568,0.327418950454,0.606166086524,17,22,31,2930,2135,112,46,112,46,3972,2213,1378,4.42105232432,7.81394546757,10.211851215,11.1018974642,10.8717348045,0.0,0.0179015415216,0.201143709597,0.622575832919,0.897314768772,3.95982720726,7.53053437888,10.0830267315,11.0716297173,10.8852242475,0.0,0.0236200895077,0.238687220288,0.650919940328,0.908005967181
15,0,0,4772,6525,5.27678370801,4022,0.166960118887,0.324993649987,0.580556936847,22,21,18,2777,1995,97,46,97,46,3808,2070,1355,4.44875804839,7.79442205327,10.2035507453,11.1016732504,10.8497446882,0.0,0.0139234211835,0.213823968175,0.623818995525,0.889358528095,4.02090281399,7.58505369793,10.0929287413,11.0703720383,10.8527148352,0.0,0.016658378916,0.247637991049,0.661362506216,0.902536051716
16,0,0,5271,7121,5.26510286436,4022,0.170525304936,0.329845949628,0.608901044257,13,30,24,2967,2304,98,51,98,51,4023,2407,1392,4.41048684592,7.78810634065,10.1931246049,11.0944915489,10.8634782849,0.000497265042268,0.0171556439582,0.21481849826,0.614619592243,0.891098955743,3.93838737263,7.51671230729,10.0944318445,11.098799372,10.8899868988,0.000248632521134,0.0208851317752,0.234957732471,0.662854301343,0.909000497265
17,0,0,5121,6982,5.27205975194,4022,0.163363994602,0.31873031079,0.604922923918,26,24,22,2916,2205,100,35,100,35,3972,2218,1412,4.3896468587,7.71387071401,10.1468668114,11.0712278793,10.8197660358,0.000497265042268,0.0151665837892,0.20611636002,0.619094977623,0.876181004475,4.00916417131,7.58533395181,10.1019992451,11.0888265189,10.8826187399,0.000497265042268,0.0169070114371,0.239184485331,0.66658378916,0.913227250124
18,0,0,5255,7074,5.27292010332,4022,0.174093048231,0.323036572927,0.602933863749,19,22,28,2992,2263,103,33,103,33,4050,2323,1374,4.44263550843,7.76423067639,10.1596253092,11.0836300697,10.867046245,0.0,0.0176529090005,0.200895077076,0.619094977623,0.896320238687,3.97815176776,7.54623083346,10.0747481738,11.0957469134,10.8646507425,0.000248632521134,0.0201392342118,0.235454997514,0.670313276977,0.904027846842
19,0,0,5005,6773,5.27050513397,4022,0.168976254018,0.31710284848,0.60094480358,18,25,21,2935,2070,90,54,90,54,3954,2161,1365,4.40489002102,7.75426537353,10.1801645602,11.0947842,10.8660776723,0.000497265042268,0.0136747886624,0.214321233217,0.616857284933,0.895574341124,3.96502438348,7.56433730529,10.095837336,11.1009090107,10.8800773308,0.0,0.0201392342118,0.238438587767,0.669318746892,0.911238189955
20,0,0,5066,6818,5.27488245142,4022,0.171902475024,0.319630071599,0.594480358031,23,27,29,2921,2145,95,48,95,48,3948,2184,1419,4.44144804873,7.76227075616,10.1821172265,11.0950885845,10.8592719124,0.000248632521134,0.0154152163103,0.212829438091,0.617354549975,0.893336648434,3.99980818697,7.56535196871,10.096361883,11.0933388519,10.9128995243,0.0,0.0206364992541,0.244654400796,0.660616608652,0.919940328195
21,0,0,4877,6539,5.27956151636,4022,0.158964455629,0.313065976714,0.577076081551,21,21,23,2813,2064,90,25,90,25,3780,2082,1309,4.43089539498,7.81347842112,10.2310594953,11.124091439,10.8334236191,0.000248632521134,0.0141720537046,0.212332173048,0.642217802089,0.884385877673,3.97945900105,7.57355777606,10.1161951176,11.0987928775,10.8922100626,0.0,0.0176529090005,0.244157135753,0.669567379413,0.912978617603
22,0,0,4979,6710,5.27342577772,4022,0.170321524541,0.31969198286,0.60094480358,21,25,26,2871,2108,101,40,101,40,3849,2187,1341,4.42197717568,7.80021050862,10.192455032,11.1067668644,10.8499527717,0.0,0.0176529090005,0.201392342118,0.627797115863,0.892342118349,3.99523532564,7.55961735267,10.0914957069,11.0812196761,10.8737879064,0.000248632521134,0.0211337642964,0.242665340627,0.663600198906,0.90576827449
23,0,0,5147,6976,5.26950479154,4022,0.171407569205,0.318819645068,0.599204375932,17,26,27,2966,2181,100,36,100,36,4023,2328,1340,4.44437679003,7.7747898059,10.1645283719,11.0899737992,10.8616152314,0.0,0.0139234211835,0.205619094978,0.623321730482,0.894579811039,3.96133621999,7.53182085197,10.0574491635,11.0638484971,10.8676785372,0.0,0.0193933366484,0.240676280457,0.642963699652,0.89905519642
24,0,0,4989,6730,5.27474926205,4022,0.154042311926,0.325540492471,0.592739930383,18,26,25,2868,2121,99,44,99,44,3827,2249,1294,4.46608948847,7.80289048734,10.2069645946,11.1143898419,10.8531625432,0.000248632521134,0.0174042764794,0.210840377921,0.624564893088,0.885629040278,4.00384612298,7.53963396474,10.0889096616,11.1079259768,10.8885019906,0.000248632521134,0.0191447041273,0.236449527598,0.671556439582,0.912978617603
25,0,0,4965,6756,5.26978019797,4022,0.166712139284,0.313216332378,0.600696171059,18,21,25,2831,2134,95,47,95,47,3850,2083,1413,4.44335985506,7.75561186396,10.1869315055,11.1006364312,10.8695696191,0.000248632521134,0.016658378916,0.211337642964,0.620835405271,0.897314768772,3.96392250899,7.55088714807,10.0701719172,11.0739532156,10.8585681359,0.000248632521134,0.0198906016907,0.237941322725,0.655146693187,0.903033316758
26,0,0,5083,6900,5.27152909681,4022,0.168161528551,0.326145082539,0.605420188961,17,24,22,2932,2151,90,38,90,38,3953,2261,1361,4.44596147098,7.79160378689,10.1736117112,11.0925202178,10.8565043848,0.000248632521134,0.0169070114371,0.205370462456,0.619840875186,0.890850323222,3.95290437212,7.51109382542,10.0507174549,11.0643802374,10.8598281912,0.0,0.0196419691696,0.247389358528,0.658378915962,0.897563401293
27,0,0,4946,6610,5.27447855497,4022,0.163059827978,0.331524965709,0.594728990552,19,23,29,2865,2081,107,42,107,42,3837,2198,1370,4.44016225128,7.79985246371,10.1902159488,11.103243194,10.8665759728,0.000248632521134,0.016658378916,0.212829438091,0.624316260567,0.896817503729,4.01247217745,7.58717322773,10.0924666973,11.095686285,10.8721690065,0.0,0.0231228244654,0.240676280457,0.669318746892,0.910740924913
28,0,0,5099,6879,5.27500550009,4022,0.167868582152,0.317988195068,0.602933863749,20,30,30,2994,2105,105,47,105,47,4032,2228,1401,4.43354981551,7.78515113737,10.2011153617,11.1060745935,10.8597702129,0.000497265042268,0.0136747886624,0.214569865738,0.623570363003,0.893088015912,4.00836920848,7.56469150013,10.0757121228,11.0580024464,10.8482137166,0.0,0.0218796618598,0.246892093486,0.648184982596,0.894579811039
29,0,0,4923,6645,5.2654295926,4022,0.160926934919,0.312272098579,0.592491297862,12,22,19,2892,2031,84,38,84,38,3901,2127,1312,4.43264349706,7.7980914586,10.2273628025,11.1038588881,10.8489262208,0.0,0.0136747886624,0.217304823471,0.634758826455,0.891098955743,3.95811993664,7.52846944459,10.0527829745,11.0952446316,10.8895926401,0.0,0.0198906016907,0.241919443063,0.659622078568,0.909000497265
