lexicon,homophones_type,homophones_token,mps,neighbors,avg_lev,num_words,avg_cluster,transitivity,big_comp,bppair,tdpair,kgpair,avg_lev_diff,avg_lev_same,confpairs,distpairs,confpairs_init,distpairs_init,diffpos,mpsinit,mpslast,1entropy,2entropy,3entropy,4entropy,5entropy,pctunique1,pctunique2,pctunique3,pctunique4,pctunique5,1endentropy,2endentropy,3endentropy,4endentropy,5endentropy,pctendunique1,pctendunique2,pctendunique3,pctendunique4,pctendunique5
real,0,0,14520,17479,4.7990181721,4614,0.226065386414,0.321750546382,0.64044213264,83,125,1,7475,7045,288,170,288,170,9037,5691,3872,4.25902599287,7.80425830189,10.6211249703,11.37264732,10.870446769,0.0,0.0225400953619,0.321413090594,0.812743823147,0.974642392718,4.06088041611,7.49504049646,10.1926918377,11.1091688496,10.7437032963,0.000216731686173,0.0229735587343,0.310143042913,0.754876462939,0.941265713047
0,0,0,12505,15333,4.81367530427,4614,0.22323740546,0.314646610083,0.720632856524,72,108,1,7286,5219,262,137,262,137,8925,5072,3430,4.31634206077,7.88341643026,10.5482064205,11.2179954911,10.7882846638,0.000433463372345,0.0151712180321,0.240355439965,0.710879930646,0.939748591244,4.14204140352,7.60222937022,10.2290548955,11.0564507385,10.7067500899,0.000216731686173,0.0208062418726,0.2837017772,0.708279150412,0.921326397919
1,0,0,12400,15287,4.81298352943,4614,0.217382027908,0.312602492218,0.713914174252,72,102,3,7079,5321,252,152,252,152,8795,4997,3392,4.32582775804,7.91476205315,10.59231998,11.2466704017,10.7863817919,0.000216731686173,0.0171218032076,0.245123537061,0.727568270481,0.939531859558,4.13401045448,7.55173657683,10.2123078515,11.0434992551,10.6889301969,0.000216731686173,0.0173385348938,0.274165583008,0.704161248375,0.916991764196
2,0,0,12977,16040,4.80526284484,4614,0.217360637608,0.31584371983,0.707628955353,81,107,1,7282,5695,257,141,257,141,9092,5280,3439,4.28322913276,7.86707459882,10.5389990234,11.2092835711,10.7722128986,0.0,0.01755526658,0.245340268747,0.709146077156,0.936714347638,4.12074715981,7.58653425534,10.2016113288,11.064562362,10.7051265081,0.000216731686173,0.0166883398353,0.277633289987,0.708495882098,0.926094495015
3,0,0,12590,15528,4.80936444384,4614,0.219484468422,0.311747549606,0.704161248375,75,92,4,7164,5426,247,145,247,145,8891,4959,3550,4.3048684386,7.8685145628,10.5283165486,11.2086259527,10.7791790586,0.0,0.0166883398353,0.242956220199,0.710879930646,0.939315127872,4.13851089696,7.59596035114,10.2346473067,11.0795204931,10.7118678269,0.000433463372345,0.01755526658,0.277199826615,0.7162982228,0.926094495015
4,0,0,12699,15599,4.81186101621,4614,0.216290731286,0.316444515441,0.705678370178,68,104,2,7138,5561,246,145,246,145,8818,5124,3534,4.33442363703,7.88506501666,10.5548311224,11.2390334895,10.7877851987,0.0,0.0149544863459,0.237321196359,0.731469440832,0.938881664499,4.13580963702,7.60883725634,10.2343198264,11.0838474687,10.709471554,0.000216731686173,0.0177719982661,0.274165583008,0.714564369311,0.921759861292
5,0,0,12609,15452,4.81364166458,4614,0.221645080306,0.316330068475,0.703077589944,65,111,3,7124,5485,256,155,256,155,8840,5034,3551,4.30273707113,7.86542604086,10.5773642109,11.2332933989,10.7880349312,0.0,0.0225400953619,0.249458170785,0.720416124837,0.940615517989,4.14046118043,7.60788589312,10.2375686822,11.0818800036,10.6864667066,0.0,0.0156046814044,0.273298656264,0.717381881231,0.918942349371
6,0,0,12835,15831,4.80783393194,4614,0.224280813724,0.318068717963,0.718682271348,69,108,0,7356,5479,253,135,253,135,9089,5259,3419,4.30870297846,7.84762922298,10.5266161778,11.2008517348,10.7789801999,0.0,0.0164716081491,0.241439098396,0.708279150412,0.937798006068,4.12168518007,7.57526799329,10.2159206991,11.0726097598,10.7080055119,0.000216731686173,0.0186389250108,0.26896402254,0.706978760295,0.92414390984
7,0,0,12696,15634,4.81461261126,4614,0.227448291409,0.316074096914,0.706545296922,71,90,1,7192,5504,240,158,240,158,8963,5189,3474,4.30876311998,7.87052107229,10.5620783193,11.2104352681,10.7672534806,0.0,0.0132206328565,0.250325097529,0.713047247508,0.935197225834,4.1438303886,7.5987364521,10.2273699655,11.0750507958,10.7172213872,0.000216731686173,0.0208062418726,0.277199826615,0.712180320763,0.92414390984
8,0,0,12636,15613,4.81304103638,4614,0.215260497367,0.319850375457,0.703944516688,74,108,2,7178,5458,258,142,258,142,8915,5111,3505,4.32658850771,7.85953392355,10.5405963549,11.2056141146,10.7667540155,0.000216731686173,0.0149544863459,0.237104464673,0.711963589077,0.9325964456,4.14526463384,7.61855583975,10.2555732582,11.0885747069,10.7197144351,0.000216731686173,0.0177719982661,0.273298656264,0.707845687039,0.924577373212
9,0,0,12825,15920,4.80668708164,4614,0.216088115389,0.310424046466,0.706762028609,68,109,4,7309,5516,242,144,242,144,9166,5029,3575,4.29640027266,7.84542423181,10.5457343288,11.2302160327,10.7885543148,0.0,0.0173385348938,0.250325097529,0.726267880364,0.939315127872,4.1179044668,7.56439660014,10.1864894175,11.0438393905,10.6781846116,0.000216731686173,0.0184221933247,0.271998266147,0.703077589944,0.911790203728
10,0,0,12634,15512,4.81118888018,4614,0.221636712097,0.314707737342,0.715864759428,65,95,2,7137,5497,231,141,231,141,8807,5072,3367,4.29614792824,7.85843679566,10.5620971724,11.223852801,10.7710791429,0.0,0.0162548764629,0.249024707412,0.723233636758,0.936064152579,4.1119293175,7.53710938622,10.2047313259,11.0689971884,10.6970101941,0.000216731686173,0.0192891200694,0.277416558301,0.714564369311,0.923276983095
11,0,0,12563,15500,4.80849272485,4614,0.216437482696,0.312990029078,0.702860858257,66,99,2,7193,5370,248,146,248,146,8906,4984,3446,4.29885819386,7.87433824467,10.5630919743,11.2341525166,10.7775767932,0.000433463372345,0.0169050715215,0.243172951886,0.719765929779,0.937581274382,4.12190523916,7.57037628338,10.2249175693,11.0587567969,10.7034438113,0.000216731686173,0.0195058517555,0.275682704811,0.707628955353,0.920026007802
12,0,0,12846,15838,4.80968383296,4614,0.222431306145,0.314396316742,0.70892934547,77,107,2,7378,5468,259,150,259,150,9133,5231,3509,4.29848073364,7.87395761977,10.5360152479,11.2140706407,10.7777116187,0.0,0.0179887299523,0.241655830082,0.712180320763,0.936497615951,4.12733125794,7.57703868391,10.1988230659,11.0685518808,10.7135483466,0.0,0.0162548764629,0.277633289987,0.707628955353,0.922193324664
13,0,0,12635,15532,4.8126324739,4614,0.223974937125,0.320000560986,0.704594711747,72,108,3,7134,5501,259,147,259,147,8822,5130,3459,4.293377699,7.86571040176,10.5516867422,11.2253281906,10.7861121408,0.0,0.0182054616385,0.244256610316,0.720416124837,0.940832249675,4.13725448608,7.60640152856,10.2360400822,11.0725089085,10.7265898842,0.000216731686173,0.0197225834417,0.275032509753,0.707195491981,0.928695275249
14,0,0,12871,15849,4.80535173631,4614,0.219142803215,0.32158809613,0.72648461205,83,103,1,7306,5565,262,142,262,142,9052,5169,3556,4.29544191873,7.83879923137,10.5296572959,11.1966295901,10.7732516658,0.0,0.0182054616385,0.249024707412,0.714997832683,0.934980494148,4.13902012459,7.58377496317,10.2015650341,11.0442197912,10.7142665889,0.000216731686173,0.0166883398353,0.27915041179,0.700910273082,0.929128738622
15,0,0,12485,15465,4.81020881884,4614,0.21791556543,0.315425299813,0.728435197226,58,98,3,7174,5311,221,143,221,143,8937,5035,3536,4.30803750889,7.86228733031,10.5414756548,11.1875673957,10.7697596877,0.000216731686173,0.0171218032076,0.2366710013,0.699393151279,0.933680104031,4.12482363502,7.60069783153,10.2295863363,11.0711436808,10.7110375026,0.0,0.018855656697,0.273081924577,0.712613784135,0.924360641526
16,0,0,12849,15756,4.80803699163,4614,0.227547507616,0.310890513958,0.716081491114,81,95,3,7339,5510,255,157,255,157,9072,5114,3524,4.28346801779,7.85485458466,10.5340006856,11.2228339078,10.7726173752,0.000216731686173,0.0166883398353,0.242739488513,0.7162982228,0.935630689207,4.10064611409,7.55556212552,10.2122155841,11.0338841165,10.7119414443,0.000216731686173,0.0186389250108,0.287602947551,0.697225834417,0.923276983095
17,0,0,12755,15748,4.809787571,4614,0.211558805224,0.315349447187,0.713697442566,75,101,0,7293,5462,253,157,253,157,9041,5081,3539,4.28113754303,7.85177486883,10.532301399,11.2258363976,10.7926937427,0.000650195058518,0.0151712180321,0.236020806242,0.717381881231,0.941915908106,4.13599848078,7.60675620621,10.2498640461,11.0779510602,10.7129980076,0.000216731686173,0.0199393151279,0.278716948418,0.71066319896,0.922843519723
18,0,0,12612,15609,4.81084130138,4614,0.222523287875,0.314592293075,0.718465539662,80,101,2,7254,5358,255,146,255,146,9044,5181,3365,4.30846113083,7.86393629799,10.5520190457,11.2336646742,10.794667407,0.000216731686173,0.0162548764629,0.244473342003,0.719332466407,0.941915908106,4.12867352497,7.55297189945,10.188655536,11.0346224013,10.7103128604,0.0,0.0173385348938,0.271998266147,0.698526224534,0.92241005635
19,0,0,12836,15908,4.81139663815,4614,0.221551065195,0.315618474024,0.7162982228,86,99,0,7356,5480,246,162,246,162,9226,5166,3523,4.27838642013,7.83417667456,10.5404261915,11.2014727709,10.7591866426,0.000216731686173,0.0149544863459,0.247941048981,0.710229735587,0.931296055483,4.13359436744,7.59668827938,10.2410822222,11.1038069797,10.7230584284,0.000216731686173,0.0186389250108,0.271998266147,0.710229735587,0.920242739489
20,0,0,12925,15887,4.80828694016,4614,0.22623348192,0.318403413967,0.72084958821,75,127,3,7235,5690,278,154,278,154,8963,5360,3436,4.29803069768,7.85569052088,10.5278387682,11.2144845512,10.7872658151,0.000216731686173,0.01755526658,0.237104464673,0.710446467274,0.940182054616,4.11376137543,7.53150034337,10.1643273557,11.0138546671,10.6972008956,0.0,0.0179887299523,0.275465973125,0.698309492848,0.920242739489
21,0,0,12610,15483,4.81031443619,4614,0.220289331979,0.31529237331,0.701127004768,64,102,2,7278,5332,240,145,240,145,9003,5070,3453,4.30923637421,7.86387284894,10.5668543592,11.2260285784,10.7657351668,0.000216731686173,0.0147377546597,0.249458170785,0.712830515821,0.933029908973,4.12785261821,7.59924258653,10.2245475233,11.0673970984,10.7092740932,0.0,0.0199393151279,0.278933680104,0.708279150412,0.920242739489
22,0,0,12658,15619,4.80847966363,4614,0.223826605447,0.311443713074,0.711096662332,68,107,3,7193,5465,244,132,244,132,8944,5012,3553,4.31049125205,7.8416413157,10.518718896,11.2105790199,10.7569500866,0.0,0.0186389250108,0.247941048981,0.718465539662,0.92977893368,4.13342646963,7.59874047817,10.1939489615,11.0479391424,10.689699313,0.000216731686173,0.0179887299523,0.275249241439,0.709362808843,0.914390983962
23,0,0,12836,15823,4.80915537036,4614,0.221957800342,0.314032523296,0.705028175119,70,103,1,7381,5455,248,155,248,155,9161,5194,3493,4.28304339371,7.84957576159,10.5390211461,11.2101242352,10.7839595364,0.000216731686173,0.0151712180321,0.251192024274,0.710013003901,0.93714781101,4.12171310618,7.5660683575,10.1931818177,11.0632837801,10.74336461,0.000216731686173,0.0177719982661,0.271131339402,0.703511053316,0.930862592111
24,0,0,12685,15556,4.81494966591,4614,0.21836888169,0.314217650142,0.711096662332,75,107,3,7186,5499,244,151,244,151,8910,5122,3442,4.32309511748,7.89971533232,10.5724883106,11.2016186278,10.7714327456,0.000216731686173,0.01755526658,0.242306025141,0.710229735587,0.9325964456,4.13953726803,7.59065508906,10.2388472565,11.0665057956,10.7146629083,0.000216731686173,0.0177719982661,0.270914607716,0.709796272215,0.926744690074
25,0,0,12738,15686,4.81144418475,4614,0.221770540126,0.31471526027,0.704161248375,71,104,3,7229,5509,252,138,252,138,8984,5030,3593,4.29970738619,7.86610449497,10.5174573822,11.1872287058,10.7803836067,0.0,0.0156046814044,0.241005635024,0.706328565236,0.938014737755,4.14956227988,7.60711103652,10.228414867,11.0826789597,10.7369178336,0.000216731686173,0.0214564369311,0.27633289987,0.710013003901,0.931729518856
26,0,0,12820,15775,4.81365077924,4614,0.220351972701,0.312668141877,0.713914174252,73,97,3,7191,5629,239,141,239,141,8922,5170,3478,4.30767473384,7.86837795226,10.5529458543,11.2023375184,10.778929326,0.0,0.0156046814044,0.240572171651,0.707628955353,0.938448201127,4.1267590284,7.60547275729,10.2209788606,11.0609608393,10.6827580737,0.0,0.0203727785002,0.277633289987,0.719549198093,0.921759861292
27,0,0,12573,15444,4.81130041737,4614,0.217610050389,0.314193369924,0.71066319896,67,97,2,7155,5418,242,157,242,157,8883,5048,3438,4.29476254663,7.87566455275,10.5542570238,11.2052372095,10.7793138841,0.0,0.0164716081491,0.241439098396,0.709796272215,0.939098396186,4.13504006154,7.59478845048,10.2132059226,11.0885660979,10.7266784727,0.000216731686173,0.0184221933247,0.274599046381,0.714997832683,0.925877763329
28,0,0,12695,15590,4.80902513402,4614,0.220168342123,0.31296695688,0.714130905938,73,88,3,7132,5563,229,167,229,167,8800,5123,3454,4.310200791,7.87873671494,10.5560644155,11.201584967,10.7937634654,0.0,0.0166883398353,0.25140875596,0.708062418726,0.943433029909,4.10122368199,7.59107561947,10.2301825024,11.064335812,10.7024758365,0.000216731686173,0.0212397052449,0.277416558301,0.708712613784,0.921543129606
29,0,0,12715,15727,4.80959240442,4614,0.218640592452,0.31719971104,0.715864759428,74,94,2,7204,5511,242,160,242,160,8989,5053,3514,4.30646071595,7.84743454745,10.5069973069,11.1963699043,10.7729311409,0.0,0.0156046814044,0.242306025141,0.705895101864,0.938231469441,4.14941872998,7.60232042847,10.2346810405,11.0416579174,10.6798673085,0.0,0.01755526658,0.280234070221,0.704161248375,0.918292154313
