lexicon,homophones_type,homophones_token,mps,neighbors,avg_lev,num_words,avg_cluster,transitivity,big_comp,bppair,tdpair,kgpair,avg_lev_diff,avg_lev_same,confpairs,distpairs,confpairs_init,distpairs_init,diffpos,mpsinit,mpslast,1entropy,2entropy,3entropy,4entropy,5entropy,pctunique1,pctunique2,pctunique3,pctunique4,pctunique5,1endentropy,2endentropy,3endentropy,4endentropy,5endentropy,pctendunique1,pctendunique2,pctendunique3,pctendunique4,pctendunique5
real,0,0,4151,5409,5.53132322487,4121,0.156110082155,0.355445484381,0.523659305994,11,14,11,1372,2779,60,29,60,29,1870,1960,620,4.41422668941,7.7575983101,10.3027715777,11.4095701224,11.3375650405,0.000242659548653,0.0211113807328,0.281242416889,0.711963115749,0.917738413007,3.36373204118,6.21052582011,9.08403514639,10.7390067036,11.0905819572,0.0,0.018927444795,0.198738170347,0.543557388983,0.825770444067
0,0,0,3677,5011,5.56725933709,4121,0.143334215573,0.323750243143,0.527056539675,14,16,8,1596,2081,59,28,59,28,2221,1736,610,4.44410241671,7.77997401587,10.1794813003,11.1758882365,11.1991997187,0.0,0.0155302111138,0.202135404028,0.553506430478,0.830866294589,3.4570320326,6.40591421179,9.19008693052,10.7442800894,11.0937405613,0.000242659548653,0.0157728706625,0.168405726765,0.500606648872,0.809512254307
1,0,0,3555,4960,5.56594249675,4121,0.148458464217,0.311274105818,0.544285367629,12,15,13,1434,2121,57,23,57,23,2055,1627,633,4.41339059149,7.76063016863,10.1662864869,11.1635138067,11.1902805064,0.0,0.0169861684057,0.198010191701,0.550109196797,0.830380975491,3.47338728265,6.39524430097,9.17931342982,10.7133357051,11.0524169856,0.0,0.0177141470517,0.164523173987,0.486289735501,0.795680660034
2,0,0,3505,4991,5.56340081468,4121,0.142929291804,0.310557982362,0.551807813637,19,10,10,1501,2004,52,28,52,28,2214,1645,600,4.44885982834,7.74296823241,10.13549034,11.1721187037,11.1946159584,0.0,0.0172288279544,0.192914341179,0.5496238777,0.825770444067,3.42757372915,6.37863596334,9.19201438345,10.7097262599,11.0653102119,0.0,0.0152875515652,0.169133705411,0.488473671439,0.795195340937
3,0,0,3566,4900,5.57690611431,4121,0.13918852395,0.315523125809,0.512496966756,17,18,14,1511,2055,68,30,68,30,2129,1658,687,4.41646113115,7.77256488257,10.1760792183,11.1784302016,11.2052739005,0.000485319097306,0.0145595729192,0.200436787188,0.558844940548,0.840330016986,3.48559314028,6.43934323881,9.27566436383,10.8070767113,11.1233930788,0.0,0.0152875515652,0.172530939092,0.498908032031,0.818247998059
4,0,0,3710,5204,5.56998642991,4121,0.149058179182,0.319491776559,0.535792283426,12,18,17,1631,2079,74,24,74,24,2313,1698,626,4.42342310592,7.75799883017,10.1467272049,11.1634759782,11.1630458701,0.000242659548653,0.0172288279544,0.188546469304,0.547439941762,0.817277359864,3.44320558693,6.39623296795,9.18464318255,10.725864375,11.0908910586,0.0,0.0165008493084,0.163309876244,0.489444309634,0.807570977918
5,0,0,3601,4949,5.55937608225,4121,0.138759452321,0.325351943208,0.539189517107,14,18,20,1503,2098,71,29,71,29,2126,1756,612,4.43642260661,7.77618250419,10.1821982856,11.1733951752,11.1940717297,0.000242659548653,0.0150448920165,0.195826255763,0.548167920408,0.828682358651,3.44807400582,6.36543869821,9.15546537292,10.7342487543,11.0962805947,0.0,0.0177141470517,0.165008493084,0.489201650085,0.809269594759
6,0,0,3643,5055,5.56720844926,4121,0.149063386,0.31749589721,0.552535792283,19,22,16,1538,2105,76,32,76,32,2191,1669,656,4.40738019743,7.74133168147,10.148218663,11.1618328554,11.1652888249,0.000485319097306,0.0155302111138,0.200922106285,0.552050473186,0.817520019413,3.4867194859,6.43521512698,9.19075844751,10.7457164022,11.0670526195,0.0,0.017471487503,0.167435088571,0.499878670226,0.802960446494
7,0,0,3518,4936,5.56727606411,4121,0.142953885058,0.333779843984,0.523901965542,13,12,9,1460,2058,54,29,54,29,2120,1666,631,4.41620981228,7.7649856366,10.1684613256,11.1727131884,11.1860778009,0.000485319097306,0.0143169133705,0.195583596215,0.552293132735,0.826498422713,3.47027661723,6.42086033715,9.22451618136,10.7390858028,11.0788924403,0.0,0.0160155302111,0.174957534579,0.49187090512,0.806842999272
8,0,0,3588,4997,5.56178630411,4121,0.148261466208,0.312858984879,0.52608590148,10,12,19,1570,2018,60,30,60,30,2207,1675,609,4.40885143896,7.75371966844,10.157342485,11.1838053544,11.1999375491,0.000485319097306,0.0140742538219,0.198495510798,0.561028876486,0.829652996845,3.45842955011,6.41905340501,9.20088041886,10.7276822666,11.0860536158,0.0,0.0169861684057,0.174229555933,0.485561756855,0.803931084688
9,0,0,3472,4832,5.57894681044,4121,0.142601635851,0.320060105184,0.536277602524,13,14,12,1458,2014,60,28,60,28,2091,1612,616,4.44325783,7.78512918129,10.1703668224,11.1846040754,11.1910534267,0.0,0.0140742538219,0.195826255763,0.561756855132,0.827711720456,3.48927678374,6.43225108704,9.24093664229,10.7625311205,11.0610947899,0.0,0.0169861684057,0.169619024509,0.497452074739,0.799563212812
10,0,0,3717,5127,5.56640555243,4121,0.144057005463,0.315454714525,0.533851007037,6,18,18,1604,2113,72,31,72,31,2269,1694,691,4.40267574896,7.73815811843,10.1235056263,11.1403465704,11.1769056183,0.000242659548653,0.0157728706625,0.185391895171,0.534093666586,0.821402572191,3.45079851728,6.42705317952,9.21634454988,10.7301258415,11.0931977964,0.0,0.0172288279544,0.173258917738,0.493569521961,0.810482892502
11,0,0,3652,5037,5.56601611919,4121,0.138931627306,0.313089622642,0.53870419801,12,10,15,1500,2152,62,26,62,26,2123,1728,604,4.39913134433,7.75327795001,10.1394564105,11.1510398602,11.208649421,0.000485319097306,0.0143169133705,0.182965299685,0.541373453045,0.835234166464,3.45143143804,6.41574946509,9.19033303363,10.7250180654,11.0501944758,0.0,0.018927444795,0.169619024509,0.484105799563,0.793739383645
12,0,0,3435,4849,5.57022956064,4121,0.13624553858,0.309233523745,0.528027177869,13,16,19,1418,2017,72,23,72,23,2080,1602,625,4.47093596915,7.79948856617,10.2033868511,11.1853198498,11.1964101071,0.000242659548653,0.0131036156273,0.199708808542,0.553749090027,0.831594273235,3.45061743522,6.40277252275,9.18118141347,10.7159317207,11.0821807086,0.0,0.0152875515652,0.16937636496,0.487017714147,0.80902693521
13,0,0,3556,4950,5.56756595981,4121,0.138611975047,0.311377957437,0.530453773356,7,14,11,1501,2055,55,28,55,28,2179,1664,628,4.44359704825,7.78454071337,10.1548709031,11.154091495,11.1880564748,0.0,0.0179568066003,0.190245086144,0.55132249454,0.831108954137,3.48949642293,6.40231066355,9.2097176449,10.7281504956,11.0907146457,0.0,0.0150448920165,0.172530939092,0.50448920165,0.812424168891
14,0,0,3827,5260,5.56899117238,4121,0.152563329523,0.325106837607,0.544770686727,11,19,22,1566,2261,77,40,77,40,2205,1771,666,4.40340938983,7.70819124996,10.1021055858,11.1648786976,11.193656085,0.000242659548653,0.0150448920165,0.187090512012,0.543800048532,0.831108954137,3.4603248935,6.43012686692,9.20569644159,10.7221119316,11.0812656556,0.0,0.0148022324678,0.172773598641,0.494782819704,0.80174714875
15,0,0,3721,5124,5.57609014213,4121,0.143535646741,0.31395609319,0.542101431691,18,18,19,1586,2135,73,29,73,29,2246,1742,653,4.46181769426,7.80377052549,10.2022554142,11.1869308376,11.185754651,0.000242659548653,0.0169861684057,0.200194127639,0.563212812424,0.829652996845,3.45392246581,6.4453056235,9.2234327292,10.7381773192,11.0839779975,0.0,0.0169861684057,0.165251152633,0.489686969182,0.805872361077
16,0,0,3479,4825,5.56929379004,4121,0.142085798757,0.330460989897,0.518078136375,12,8,11,1445,2034,49,27,49,27,2040,1674,622,4.4147989134,7.76560694213,10.1599257606,11.1685034833,11.1990341166,0.000242659548653,0.0157728706625,0.196796893958,0.553991749575,0.8379034215,3.47549216339,6.43211631512,9.23275051692,10.744293299,11.0739109364,0.000485319097306,0.0162581897598,0.175442853676,0.485561756855,0.798107255521
17,0,0,3658,5087,5.56391746748,4121,0.140413012867,0.320968797731,0.522931327348,14,13,16,1500,2158,63,28,63,28,2180,1729,658,4.43261839498,7.77913704818,10.1535735531,11.1667016048,11.2032210972,0.000242659548653,0.0148022324678,0.184421256976,0.559330259646,0.83596214511,3.4301701691,6.37341501472,9.20607089547,10.7341390405,11.0743511496,0.000242659548653,0.0167435088571,0.168163067217,0.489929628731,0.808298956564
18,0,0,3612,5032,5.56609704497,4121,0.144686041675,0.309648029902,0.532395049745,12,14,17,1551,2061,54,31,54,31,2190,1672,674,4.43540503755,7.76728917826,10.1504309135,11.181441896,11.2056875589,0.0,0.0162581897598,0.202378063577,0.556418345062,0.832564911429,3.4403451756,6.37479864298,9.19548996526,10.7092541997,11.0557859157,0.0,0.0169861684057,0.166949769473,0.479737927687,0.792526085901
19,0,0,3511,4905,5.57145216426,4121,0.137223935192,0.320797081111,0.516622179083,7,21,12,1513,1998,61,30,61,30,2140,1621,609,4.43289901778,7.75990054714,10.1750398873,11.1840427571,11.2012988643,0.000242659548653,0.0143169133705,0.196796893958,0.551079834992,0.828682358651,3.47853000338,6.41219662554,9.21034359969,10.775577267,11.099207425,0.0,0.0162581897598,0.165008493084,0.504731861199,0.812909487988
20,0,0,3554,4925,5.56761908576,4121,0.141156599196,0.311773706629,0.52608590148,14,16,7,1514,2040,62,28,62,28,2186,1627,642,4.41896679666,7.75663706857,10.1555788369,11.1560388795,11.1833527425,0.0,0.0162581897598,0.190487745693,0.551565154089,0.830380975491,3.47385565491,6.4406547012,9.20584135549,10.7463272794,11.0848328535,0.0,0.0184421256976,0.170589662703,0.493084202863,0.808298956564
21,0,0,3697,5175,5.56603508433,4121,0.151592180168,0.316551426102,0.538218878913,13,15,18,1568,2129,62,31,62,31,2272,1754,684,4.4337225031,7.75088512388,10.1430904869,11.1764527841,11.2150965453,0.0,0.0186847852463,0.204319339966,0.556418345062,0.84324193157,3.45158135892,6.370881442,9.16743367863,10.7275884862,11.0783153559,0.0,0.0148022324678,0.167920407668,0.477796651298,0.803203106042
22,0,0,3608,5021,5.56948791767,4121,0.140779275618,0.309059452658,0.523901965542,13,13,11,1523,2085,57,31,57,31,2172,1615,703,4.40634577997,7.73838324885,10.1671024897,11.1787057708,11.1974791997,0.000242659548653,0.0145595729192,0.187818490658,0.549866537248,0.83426352827,3.48355272143,6.39346145594,9.18652881482,10.7265510998,11.0796800632,0.0,0.0167435088571,0.172288279544,0.493812181509,0.801504489202
23,0,0,3476,4853,5.5682812165,4121,0.135038584045,0.312024793388,0.540402814851,11,15,13,1471,2005,52,26,52,26,2117,1596,634,4.4117293903,7.76408472042,10.180621677,11.1934278646,11.2168033256,0.000242659548653,0.0179568066003,0.192429022082,0.561999514681,0.841300655181,3.47312173424,6.39357943506,9.21169188594,10.7524831636,11.0976410037,0.0,0.0157728706625,0.171074981801,0.488958990536,0.808298956564
24,0,0,3754,5159,5.56414681609,4121,0.151716215294,0.328157768866,0.548895899054,10,20,13,1505,2249,63,31,63,31,2174,1700,679,4.4275361383,7.76092675793,10.164693741,11.1544386668,11.1660992629,0.000242659548653,0.0133462751759,0.194855617569,0.544770686727,0.818490657607,3.4602672041,6.41280640331,9.2135133738,10.7664310774,11.0867629469,0.0,0.018199466149,0.163067216695,0.505459839845,0.813637466634
25,0,0,3505,4895,5.58103085546,4121,0.143348836139,0.317742132974,0.52608590148,5,19,22,1476,2029,64,25,64,25,2119,1640,609,4.42047200463,7.77841878649,10.1605128146,11.1613318261,11.1987835742,0.000242659548653,0.0131036156273,0.199223489444,0.556661004611,0.836690123756,3.47925226993,6.46449121528,9.25923286914,10.7831854808,11.098883253,0.0,0.0165008493084,0.172530939092,0.506915797137,0.813152147537
26,0,0,3588,5004,5.56219458469,4121,0.150461895542,0.323796983481,0.540402814851,11,15,10,1554,2034,56,22,56,22,2202,1640,610,4.41704565589,7.79378463719,10.1623051488,11.1556855823,11.1710479112,0.0,0.0162581897598,0.204076680417,0.545498665372,0.824799805872,3.42390475983,6.37420371906,9.18420992361,10.7088165641,11.0759784424,0.0,0.0201407425382,0.172530939092,0.483377820917,0.800533851007
27,0,0,3591,4899,5.57729342722,4121,0.14198179143,0.327056367432,0.53336568794,14,11,14,1494,2097,64,22,64,22,2066,1703,628,4.39478206321,7.75892447082,10.1665575218,11.1657018595,11.1758004718,0.000242659548653,0.0177141470517,0.197039553506,0.555447706867,0.82528512497,3.47175603818,6.47221087988,9.23524996645,10.7321001133,11.0596725993,0.000242659548653,0.0186847852463,0.169133705411,0.497694734288,0.801261829653
28,0,0,3487,4879,5.57651526753,4121,0.143597809872,0.320744171191,0.527299199223,11,11,17,1471,2016,57,38,57,38,2065,1596,630,4.43885036526,7.77917425353,10.1755199963,11.1799557654,11.2151814275,0.0,0.0162581897598,0.204804659063,0.560786216938,0.842271293375,3.49462648447,6.43515739008,9.23542543819,10.7401475505,11.0759429109,0.0,0.0169861684057,0.175685513225,0.494782819704,0.806115020626
29,0,0,3552,4983,5.56224370558,4121,0.14286752144,0.318141058131,0.519534093667,15,12,14,1510,2042,62,33,62,33,2166,1624,635,4.42315743261,7.74489440689,10.1670944712,11.1491920048,11.1940199509,0.000242659548653,0.0169861684057,0.188061150206,0.53870419801,0.824557146324,3.43490021278,6.34944375194,9.18239098726,10.7630135602,11.0715816354,0.0,0.0152875515652,0.160883280757,0.490657607377,0.805629701529
