lexicon,homophones_type,homophones_token,mps,neighbors,avg_lev,num_words,avg_cluster,transitivity,big_comp,bppair,tdpair,kgpair,avg_lev_diff,avg_lev_same,confpairs,distpairs,confpairs_init,distpairs_init,diffpos,mpsinit,mpslast,1entropy,2entropy,3entropy,4entropy,5entropy,pctunique1,pctunique2,pctunique3,pctunique4,pctunique5,1endentropy,2endentropy,3endentropy,4endentropy,5endentropy,pctendunique1,pctendunique2,pctendunique3,pctendunique4,pctendunique5
real,0,0,4151,5409,5.53132322487,4121,0.156110082155,0.355445484381,0.523659305994,11,14,11,1372,2779,60,29,60,29,1870,1960,620,4.41422668941,7.7575983101,10.3027715777,11.4095701224,11.3375650405,0.000242659548653,0.0211113807328,0.281242416889,0.711963115749,0.917738413007,3.36373204118,6.21052582011,9.08403514639,10.7390067036,11.0905819572,0.0,0.018927444795,0.198738170347,0.543557388983,0.825770444067
0,0,0,3823,5268,5.53600490502,4121,0.15648771778,0.319463658614,0.547197282213,20,20,16,1566,2257,69,37,69,37,2192,1814,660,4.39875471437,7.73623574016,10.1213718787,11.1350136865,11.2365288933,0.0,0.0135889347246,0.192671681631,0.542101431691,0.853676292162,3.38908234663,6.2836162614,9.06913760966,10.6925995437,11.0974550146,0.0,0.0167435088571,0.16039796166,0.491385586023,0.814850764378
1,0,0,3944,5517,5.54203134313,4121,0.162193259093,0.318193400433,0.558844940548,14,11,15,1715,2229,64,38,64,38,2426,1849,647,4.36463001818,7.70191363823,10.1131386718,11.1450876298,11.2554098973,0.000242659548653,0.0152875515652,0.200679446736,0.545498665372,0.865081290949,3.36559309915,6.23363749413,9.04960420849,10.6986822349,11.1145474383,0.000242659548653,0.018927444795,0.165979131279,0.491385586023,0.817762678961
2,0,0,3785,5310,5.541862895,4121,0.145521964298,0.315517062903,0.551565154089,19,10,18,1605,2180,76,33,76,33,2332,1782,657,4.40858389682,7.71833199864,10.130604015,11.1440688132,11.2395064803,0.000242659548653,0.0162581897598,0.192671681631,0.557631642805,0.858772142684,3.38613965295,6.25098235917,9.03788892841,10.6856435511,11.0877049194,0.0,0.0143169133705,0.158214025722,0.493326862412,0.809997573405
3,0,0,3993,5515,5.54363890374,4121,0.147204562654,0.331517870958,0.559330259646,15,22,19,1649,2344,78,25,78,25,2373,1862,677,4.37218521797,7.71499584968,10.096714693,11.1456294884,11.254269661,0.0,0.0165008493084,0.183935937879,0.548410579956,0.862897355011,3.42173787314,6.2684186148,9.04847748863,10.6645609929,11.0747167702,0.0,0.0167435088571,0.162824557146,0.488473671439,0.809269594759
4,0,0,3874,5393,5.54321071566,4121,0.157160734645,0.322841604351,0.555205047319,16,18,18,1747,2127,72,30,72,30,2415,1862,652,4.4136137839,7.72480411091,10.1222412192,11.1819455408,11.2728991586,0.0,0.0131036156273,0.19461295802,0.555447706867,0.874059694249,3.39523824528,6.2386320257,9.02108757935,10.6725717043,11.1021430219,0.0,0.0160155302111,0.158214025722,0.487745692793,0.813152147537
5,0,0,3835,5419,5.54625526842,4121,0.152623050065,0.302170506452,0.550837175443,16,8,17,1570,2265,65,35,65,35,2248,1741,657,4.42870231322,7.7408981503,10.1184336685,11.1694164093,11.2424602301,0.000242659548653,0.017471487503,0.179568066003,0.560058238292,0.858286823587,3.38954039279,6.23050644047,9.05520473052,10.685802658,11.0867686312,0.0,0.0179568066003,0.1441397719,0.484105799563,0.80902693521
6,0,0,3788,5352,5.54235810895,4121,0.14478017074,0.327356199474,0.561756855132,18,13,13,1589,2199,67,34,67,34,2311,1784,676,4.40715431631,7.72475857011,10.1292895913,11.1515115991,11.2420578242,0.0,0.0131036156273,0.186362533366,0.552778451832,0.859742780878,3.39113777288,6.23600619199,9.01977508543,10.6740224147,11.0954341028,0.0,0.0194127638923,0.156272749333,0.488716330988,0.81436544528
7,0,0,3927,5503,5.5389053934,4121,0.153121837124,0.310655575361,0.568308662946,14,19,15,1724,2203,71,32,71,32,2460,1814,653,4.39767413696,7.69842545836,10.1073885467,11.1351362792,11.2228627468,0.000485319097306,0.0160155302111,0.18563455472,0.543072069886,0.845911186605,3.39257498869,6.23526523008,9.0133434442,10.6096101805,11.051393581,0.0,0.0167435088571,0.160155302111,0.471730162582,0.803445765591
8,0,0,3789,5312,5.53906323991,4121,0.154553666065,0.312977898816,0.551565154089,19,12,15,1602,2187,68,31,68,31,2294,1749,665,4.41206408988,7.72825715291,10.133825862,11.1689312793,11.2543626556,0.0,0.0135889347246,0.181266682844,0.561514195584,0.864595971851,3.40524281206,6.26891114591,9.00361983522,10.6458415781,11.077632232,0.0,0.0150448920165,0.157243387527,0.483377820917,0.804901722883
9,0,0,3854,5393,5.54497470922,4121,0.153407796968,0.316242606657,0.567338024751,14,19,25,1565,2289,72,28,72,28,2283,1774,682,4.3842577573,7.72947523757,10.072887017,11.1145640334,11.2504556227,0.000242659548653,0.0145595729192,0.178597427809,0.538218878913,0.864353312303,3.38931901622,6.27978896464,9.04155218795,10.6731209523,11.0783472474,0.0,0.0172288279544,0.157728706625,0.484833778209,0.814850764378
10,0,0,3931,5506,5.53304987714,4121,0.154745697751,0.32507204611,0.560543557389,14,23,16,1670,2261,74,24,74,24,2425,1846,665,4.38544276139,7.74436015972,10.1268847071,11.140787945,11.2237956428,0.000242659548653,0.0148022324678,0.198738170347,0.546226644018,0.848823101189,3.36915350882,6.20615343107,9.01729911317,10.6602921348,11.0864535356,0.0,0.018199466149,0.160883280757,0.484833778209,0.809512254307
11,0,0,3865,5418,5.53339124965,4121,0.15324220592,0.309813131829,0.571463237078,11,15,16,1599,2266,59,39,59,39,2308,1773,696,4.39721558938,7.70887162056,10.0883858918,11.1285076905,11.2415059829,0.000485319097306,0.0169861684057,0.190002426595,0.54598398447,0.855617568551,3.36349061961,6.21051342374,9.0173275481,10.6770399365,11.0988138438,0.0,0.0165008493084,0.1531181752,0.487988352342,0.818247998059
12,0,0,3895,5394,5.53969062086,4121,0.150613922299,0.320506642803,0.550837175443,13,14,20,1621,2274,72,29,72,29,2310,1827,665,4.41585303883,7.76711022309,10.1506930021,11.1793187694,11.2573458689,0.000242659548653,0.0152875515652,0.199223489444,0.563212812424,0.863625333657,3.36345484161,6.23494462984,9.00923747856,10.6711267131,11.0681886934,0.0,0.017471487503,0.14777966513,0.478767289493,0.806115020626
13,0,0,3914,5476,5.53743365146,4121,0.149396909413,0.311920199501,0.566610046105,14,12,14,1676,2238,57,38,57,38,2370,1862,663,4.37880566796,7.71928547697,10.0997281295,11.148391586,11.25964008,0.000485319097306,0.018199466149,0.18563455472,0.551807813637,0.866537248241,3.39599602538,6.25211031205,9.04751228834,10.6911761578,11.0832745445,0.0,0.0155302111138,0.158942004368,0.491142926474,0.80538704198
14,0,0,3882,5353,5.54200318991,4121,0.143352269308,0.318949779268,0.550351856346,14,16,13,1639,2243,69,32,69,32,2281,1770,675,4.42840795712,7.75704258574,10.124158271,11.165928912,11.2506278733,0.000242659548653,0.0177141470517,0.191458383887,0.561999514681,0.863867993206,3.38449670204,6.23846117901,9.05218996629,10.6772453836,11.0951882806,0.0,0.0186847852463,0.160883280757,0.488958990536,0.818490657607
15,0,0,3814,5363,5.53995401248,4121,0.149306834808,0.314398761397,0.559087600097,9,15,17,1666,2148,67,34,67,34,2356,1759,674,4.42095640998,7.74320957051,10.1223246786,11.1381083241,11.2241401438,0.0,0.0157728706625,0.198010191701,0.541373453045,0.856102887649,3.39412499201,6.23694775652,9.02298570051,10.6263277921,11.0514446435,0.000485319097306,0.0177141470517,0.160155302111,0.48653239505,0.801261829653
16,0,0,3800,5309,5.55675771504,4121,0.143419968184,0.313897089836,0.558116961902,12,15,24,1578,2222,69,36,69,36,2224,1763,688,4.39870233314,7.68280966652,10.0888836604,11.139750363,11.2399358636,0.000485319097306,0.0143169133705,0.190245086144,0.545256005824,0.857316185392,3.43385540469,6.32824186428,9.09157339445,10.6867624778,11.0815525037,0.0,0.0152875515652,0.155059451589,0.497452074739,0.799320553264
17,0,0,3859,5424,5.53151923725,4121,0.155930559172,0.327488687783,0.566367386557,19,15,14,1572,2287,63,28,63,28,2296,1836,653,4.38806563294,7.73598026265,10.1282696252,11.1416345728,11.2259389546,0.000242659548653,0.0152875515652,0.196554234409,0.545013346275,0.85052171803,3.38269042434,6.25990936278,9.02267401297,10.6555224331,11.0832323066,0.0,0.018199466149,0.162581897598,0.476826013104,0.816792040767
18,0,0,3934,5497,5.5372632008,4121,0.148981770256,0.313889514494,0.558844940548,15,14,18,1629,2305,64,29,64,29,2345,1827,674,4.39821007317,7.69885737122,10.0681888007,11.1215003426,11.2436934609,0.0,0.018199466149,0.191458383887,0.534336326134,0.859257461781,3.36273030926,6.21283164198,9.03712744018,10.678585272,11.0724362976,0.0,0.0160155302111,0.16403785489,0.480465906333,0.799320553264
19,0,0,4151,5678,5.52177574959,4121,0.157572018546,0.332102661823,0.5675806843,18,20,23,1742,2409,87,31,87,31,2415,1965,686,4.39637206254,7.7094439765,10.1146680276,11.1518063092,11.2348184149,0.000242659548653,0.018199466149,0.191215724339,0.552778451832,0.857316185392,3.3722043222,6.15108114548,8.95250920114,10.651687977,11.0770231981,0.0,0.0172288279544,0.157728706625,0.48289250182,0.80538704198
20,0,0,3886,5442,5.54221416237,4121,0.148346805446,0.319048838251,0.564668769716,15,24,10,1634,2252,73,31,73,31,2351,1753,732,4.40611319622,7.73726897828,10.1196841489,11.1417725182,11.2356401635,0.0,0.018199466149,0.18927444795,0.556175685513,0.855617568551,3.40253617498,6.22377997742,9.0230333107,10.6970613697,11.0844351678,0.0,0.0148022324678,0.158214025722,0.494540160155,0.808784275661
21,0,0,3864,5413,5.54085326636,4121,0.145139094587,0.311565046941,0.567338024751,14,13,20,1627,2237,64,34,64,34,2315,1781,689,4.38343795359,7.70822944658,10.1280219885,11.1261816396,11.2314114446,0.000242659548653,0.0165008493084,0.191215724339,0.537733559816,0.855617568551,3.41018409606,6.25149462466,9.03829432364,10.6889789139,11.107348803,0.000485319097306,0.0179568066003,0.156030089784,0.489444309634,0.814850764378
22,0,0,3814,5378,5.53701571162,4121,0.149791673182,0.308624229979,0.566610046105,15,14,12,1565,2249,59,33,59,33,2280,1773,654,4.40984897841,7.74181061832,10.1237552224,11.1775397108,11.2721613281,0.000242659548653,0.0179568066003,0.189759767047,0.563212812424,0.875272991992,3.37092954273,6.24717300502,9.02851773597,10.6369441687,11.0868142613,0.000242659548653,0.017471487503,0.153603494298,0.47027420529,0.808056297015
23,0,0,3909,5463,5.55186871412,4121,0.146743922954,0.308192330306,0.552778451832,16,12,11,1595,2314,67,27,67,27,2330,1793,661,4.42608293279,7.75562873339,10.1208485338,11.1553269129,11.2583138546,0.000242659548653,0.0157728706625,0.186605192914,0.549866537248,0.866779907789,3.43419290473,6.28327578217,9.07633521121,10.7029867636,11.121673524,0.0,0.0179568066003,0.16403785489,0.485076437758,0.82164523174
24,0,0,3783,5273,5.53259565616,4121,0.149684780886,0.319889912141,0.550594515894,16,16,18,1618,2165,63,40,63,40,2296,1827,633,4.37769280264,7.72719426791,10.114263938,11.1478678394,11.2251081296,0.000242659548653,0.0138315942732,0.186119873817,0.551565154089,0.851007037127,3.39972624977,6.23888392659,9.01013168548,10.6423919366,11.0716846706,0.000485319097306,0.0169861684057,0.155302111138,0.479980587236,0.805629701529
25,0,0,4094,5671,5.5303462257,4121,0.156338219775,0.337451178938,0.560786216938,19,16,14,1687,2407,72,27,72,27,2391,1962,633,4.40664431566,7.71227970162,10.0969159859,11.1561033791,11.2540623207,0.0,0.0177141470517,0.187818490658,0.553021111381,0.866537248241,3.36235304232,6.2323946432,9.01312482084,10.6506881048,11.0820601788,0.000242659548653,0.0194127638923,0.16039796166,0.484348459112,0.810240232953
26,0,0,3809,5273,5.54674247225,4121,0.147549962737,0.31563716909,0.558602281,12,15,18,1619,2190,67,33,67,33,2318,1720,653,4.39739745985,7.7455039195,10.1331831384,11.1453411376,11.24302581,0.000485319097306,0.0165008493084,0.19461295802,0.54768260131,0.857073525843,3.38984197358,6.25746105703,9.06816701043,10.6819441807,11.0720927607,0.0,0.0165008493084,0.169619024509,0.491628245571,0.803203106042
27,0,0,3902,5513,5.53362330757,4121,0.148606109693,0.303179736783,0.561999514681,14,26,16,1681,2221,75,31,75,31,2390,1777,678,4.41645777368,7.71289190961,10.0929907634,11.135661663,11.2402239237,0.0,0.0157728706625,0.182965299685,0.53700558117,0.859257461781,3.39741460482,6.22526447255,8.99967181465,10.654261294,11.0734133598,0.000242659548653,0.0157728706625,0.157486047076,0.485804416404,0.807085658821
28,0,0,3894,5381,5.53964149997,4121,0.153659684727,0.323068929685,0.564426110167,10,18,17,1647,2247,57,33,57,33,2295,1854,664,4.39838207783,7.70616293416,10.1002033916,11.1537615258,11.2450501139,0.0,0.0133462751759,0.191943702985,0.553021111381,0.862412035914,3.3858849744,6.25249779971,9.0485883981,10.6538226013,11.0750229832,0.0,0.0179568066003,0.159669983014,0.488473671439,0.805872361077
29,0,0,4008,5554,5.53288861456,4121,0.162814473788,0.326668775704,0.556661004611,14,17,21,1716,2292,78,32,78,32,2409,1868,706,4.39900501514,7.70917255836,10.0788225898,11.1504623554,11.2607803163,0.000242659548653,0.0155302111138,0.185149235622,0.558116961902,0.865809269595,3.39390870826,6.20951056078,9.014398357,10.6400977774,11.0781700829,0.000242659548653,0.0167435088571,0.153603494298,0.484348459112,0.81072555205
